 0.000	 50.01
 0.050	 49.99
 0.100	 50.00
 0.133	 50.01
 0.633	 50.00
 1.133	 50.00
 1.633	 50.01
 2.134	 50.00
 2.633	 50.00
 3.133	 50.01
 3.633	 50.01
 4.134	 50.01
 4.634	 50.00
 5.133	 50.00
 5.633	 50.00
 6.134	 50.00
 6.634	 50.00
 7.133	 49.99
 7.634	 48.31
 8.134	 44.32
 8.634	 40.82
 9.134	 37.41
 9.634	 33.88
10.134	 30.26
10.634	 26.93
11.134	 23.33
11.634	 19.91
12.133	 16.45
12.634	 14.04
13.134	 14.72
13.634	 15.01
14.134	 14.98
14.634	 14.98
15.134	 14.99
15.634	 14.99
16.134	 14.99
16.634	 14.98
17.134	 15.00
17.634	 14.98
18.134	 14.99
18.634	 14.99
19.134	 15.01
19.634	 14.99
19.817	 15.00
20.317	 18.21
20.817	 21.87
21.317	 25.39
21.817	 28.94
22.317	 32.29
22.817	 35.93
23.317	 39.39
23.817	 42.84
24.317	 46.45
24.817	 49.83
25.317	 50.09
25.817	 50.02
26.317	 50.02
26.817	 50.01
27.317	 50.00
27.817	 50.01
28.317	 50.01
28.817	 50.00
29.317	 50.00
29.817	 50.00
30.317	 50.01
30.817	 49.99
31.317	 50.00
31.817	 50.01
32.317	 50.00
32.817	 47.98
33.317	 44.04
33.817	 40.67
34.317	 37.13
34.817	 33.69
35.317	 30.13
35.817	 26.67
36.317	 23.19
36.817	 19.75
37.317	 16.24
37.817	 14.05
38.317	 14.84
38.817	 15.01
39.317	 14.98
39.817	 14.98
40.317	 14.98
40.817	 14.99
41.318	 15.00
41.818	 14.99
42.317	 14.99
42.817	 15.00
43.317	 14.99
43.817	 14.98
44.317	 14.99
44.818	 15.01
45.001	 15.00
45.501	 18.20
46.001	 21.85
46.501	 25.35
47.001	 28.93
47.501	 32.29
48.001	 35.92
48.501	 39.39
49.001	 42.83
49.501	 46.43
50.001	 49.83
50.501	 50.08
51.001	 50.02
51.501	 50.01
52.001	 50.00
52.501	 50.00
53.001	 50.00
53.501	 50.01
54.001	 50.00
54.501	 50.00
55.001	 50.01
55.501	 50.01
56.001	 50.00
56.501	 50.00
57.001	 50.00
57.501	 49.99
58.001	 47.83
58.501	 43.87
59.001	 40.53
59.501	 36.96
60.001	 33.54
60.501	 30.07
61.001	 26.43
61.501	 23.08
62.001	 19.50
62.501	 16.09
63.001	 14.06
63.501	 14.89
64.001	 15.00
64.501	 14.97
65.001	 14.98
65.501	 14.97
66.001	 14.99
66.501	 14.98
67.001	 15.00
67.501	 14.98
68.001	 14.99
68.501	 15.00
69.001	 14.99
69.502	 15.00
70.001	 14.99
70.185	 15.00
70.685	 18.20
71.185	 21.87
71.685	 25.42
72.185	 28.96
72.685	 32.31
73.185	 35.94
73.685	 39.40
74.185	 42.83
74.685	 46.43
75.185	 49.84
75.685	 50.09
76.185	 50.02
76.685	 50.00
77.185	 50.02
77.685	 50.00
78.185	 50.01
78.685	 49.99
79.185	 50.00
79.685	 50.01
80.185	 50.00
80.685	 50.00
81.185	 50.00
81.685	 50.00
82.185	 50.00
82.685	 50.01
83.185	 47.84
83.685	 43.88
84.185	 40.51
84.685	 36.96
85.185	 33.53
85.685	 30.07
86.185	 26.44
86.685	 23.08
87.185	 19.51
87.685	 16.10
88.185	 14.06
88.685	 14.89
89.185	 14.99
89.685	 14.98
90.185	 14.98
90.685	 14.99
91.185	 14.99
91.685	 15.00
92.185	 14.99
92.685	 14.99
93.185	 15.00
93.685	 15.00
94.185	 15.00
94.685	 14.99
95.185	 15.00
95.368	 14.99
95.868	 18.20
96.369	 21.86
96.868	 25.40
97.368	 28.95
97.868	 32.30
98.369	 35.93
98.868	 39.40
99.368	 42.83
99.868	 46.43
100.369	 49.84
100.868	 50.09
101.369	 50.02
101.868	 50.01
102.368	 50.00
102.869	 50.00
103.369	 50.00
103.869	 50.01
104.368	 50.00
104.869	 50.00
105.369	 50.00
105.869	 49.99
106.369	 50.00
106.869	 50.00
107.369	 50.00
107.869	 50.00
108.369	 47.86
108.869	 43.89
109.369	 40.53
109.869	 36.96
110.369	 33.55
110.869	 30.08
111.369	 26.45
111.869	 23.09
112.369	 19.54
112.869	 16.11
113.369	 14.05
113.869	 14.86
114.369	 15.00
114.869	 14.99
115.369	 14.98
115.869	 14.99
116.369	 14.98
116.869	 14.99
117.369	 14.98
117.869	 14.99
118.369	 15.00
118.869	 14.99
119.369	 15.00
119.869	 15.00
120.369	 15.00
120.552	 15.00
121.053	 18.20
121.552	 21.86
122.052	 25.40
122.552	 28.95
123.052	 32.30
123.553	 35.92
124.052	 39.40
124.552	 42.82
125.053	 46.44
125.553	 49.83
126.052	 50.09
126.552	 50.03
127.053	 50.01
127.553	 50.00
128.052	 50.01
128.552	 50.01
129.053	 50.01
129.553	 50.01
130.053	 50.00
130.552	 50.00
131.053	 50.00
131.553	 50.00
132.053	 50.00
132.553	 50.00
133.053	 50.00
133.553	 47.83
134.053	 43.88
134.553	 40.52
135.053	 36.96
135.553	 33.54
136.053	 30.07
136.553	 26.45
137.053	 23.07
137.553	 19.52
138.053	 16.08
138.553	 14.06
139.053	 14.87
139.553	 15.01
140.053	 14.96
140.553	 14.99
141.053	 14.98
141.553	 14.99
142.053	 14.98
142.553	 14.99
143.053	 15.00
143.553	 14.98
144.053	 15.00
144.553	 15.00
145.053	 14.99
145.553	 14.99
145.736	 14.99
146.236	 18.20
146.736	 21.87
147.236	 25.40
147.736	 28.95
148.236	 32.29
148.736	 35.93
149.236	 39.40
149.736	 42.82
150.236	 46.44
150.736	 49.84
151.236	 50.09
151.736	 50.03
152.236	 50.01
152.736	 50.01
153.236	 50.00
153.736	 50.01
154.236	 50.00
154.736	 50.00
155.236	 50.00
155.736	 50.00
156.236	 50.00
156.736	 50.01
157.236	 50.01
157.736	 50.01
158.236	 50.01
158.736	 47.86
159.236	 43.88
159.737	 40.52
160.236	 36.96
160.736	 33.55
161.236	 30.07
161.737	 26.42
162.236	 23.08
162.736	 19.48
163.236	 16.09
163.736	 14.05
164.236	 14.86
164.736	 15.00
165.236	 14.98
165.737	 14.97
166.236	 14.99
166.736	 14.99
167.237	 14.98
167.737	 15.00
168.237	 14.98
168.737	 15.00
169.236	 14.99
169.737	 14.99
170.237	 15.00
170.737	 14.99
170.920	 15.00
171.420	 18.19
171.920	 21.86
172.420	 25.40
172.920	 28.94
173.420	 32.29
173.920	 35.91
174.420	 39.39
174.920	 42.82
175.420	 46.44
175.920	 49.84
176.420	 50.09
176.920	 50.03
177.420	 50.01
177.920	 50.01
178.420	 50.02
178.920	 50.01
179.420	 50.00
179.920	 50.00
180.420	 50.00
180.920	 50.01
181.420	 50.00
181.920	 50.00
182.420	 50.00
182.920	 50.00
183.420	 50.00
183.920	 47.88
184.420	 43.88
184.920	 40.52
185.420	 36.96
185.920	 33.54
186.420	 30.06
186.920	 26.43
187.420	 23.07
187.920	 19.51
188.420	 16.10
188.921	 14.05
189.420	 14.84
189.920	 15.00
190.420	 14.97
190.921	 14.98
191.420	 14.98
191.920	 14.97
192.420	 14.99
192.921	 14.98
193.421	 14.99
193.920	 14.99
194.420	 15.00
194.921	 14.99
195.421	 14.99
195.921	 14.99
196.104	 14.99
196.604	 18.22
197.104	 21.87
197.604	 25.40
198.104	 28.94
198.604	 32.28
199.104	 35.91
199.604	 39.39
200.104	 42.81
200.604	 46.43
201.104	 49.82
201.604	 50.09
202.104	 50.03
202.604	 50.00
203.104	 50.01
203.604	 50.01
204.104	 50.00
204.604	 50.00
205.104	 50.01
205.604	 50.00
206.104	 50.00
206.604	 50.01
207.104	 50.00
207.604	 50.00
208.104	 50.00
208.604	 50.00
209.104	 48.07
209.604	 44.01
210.104	 40.65
210.604	 37.12
211.104	 33.69
211.604	 30.12
212.104	 26.67
212.604	 23.21
213.104	 19.75
213.604	 16.23
214.104	 14.03
214.604	 14.78
215.104	 15.01
215.604	 14.98
216.104	 14.97
216.604	 14.98
217.104	 14.99
217.604	 14.99
218.104	 14.99
218.604	 15.00
219.104	 14.99
219.604	 14.99
220.104	 15.00
220.604	 14.99
221.104	 15.01
221.288	 14.99
221.788	 18.21
222.288	 21.88
222.788	 25.42
223.288	 28.94
223.788	 32.28
224.288	 35.91
224.788	 39.38
225.288	 42.81
225.788	 46.43
226.288	 49.84
226.788	 50.09
227.288	 50.03
227.788	 50.01
228.288	 50.00
228.788	 50.02
229.288	 50.01
229.788	 50.01
230.288	 50.00
230.788	 50.01
231.288	 50.01
231.788	 49.99
232.288	 50.00
232.788	 50.00
233.288	 50.00
233.788	 50.01
234.288	 48.05
234.788	 44.03
235.288	 40.65
235.788	 37.12
236.288	 33.69
236.788	 30.13
237.288	 26.67
237.788	 23.20
238.288	 19.75
238.788	 16.24
239.288	 14.03
239.788	 14.78
240.288	 15.01
240.788	 14.98
241.288	 15.00
241.788	 14.98
242.288	 14.99
242.788	 15.00
243.288	 15.00
243.788	 14.99
244.288	 14.99
244.788	 14.99
245.288	 15.00
245.788	 14.99
246.288	 15.00
246.472	 15.00
246.972	 18.21
247.471	 21.88
247.972	 25.42
248.472	 28.94
248.972	 32.30
249.471	 35.93
249.972	 39.40
250.472	 42.82
250.972	 46.44
251.472	 49.85
251.972	 50.08
252.472	 50.02
252.972	 50.01
253.472	 50.01
253.972	 50.01
254.472	 50.00
254.972	 50.01
255.472	 50.00
255.972	 50.00
256.472	 50.01
256.972	 50.00
257.472	 50.00
257.972	 50.01
258.472	 50.00
258.972	 50.00
259.472	 48.05
259.972	 44.01
260.472	 40.64
260.972	 37.12
261.472	 33.68
261.972	 30.12
262.472	 26.67
262.972	 23.19
263.472	 19.76
263.972	 16.24
264.472	 14.02
264.972	 14.77
265.472	 15.01
265.972	 14.97
266.472	 14.98
266.972	 14.97
267.472	 14.97
267.972	 14.99
268.472	 14.98
268.972	 14.98
269.472	 14.99
269.972	 14.99
270.472	 14.99
270.972	 14.99
271.472	 14.99
271.672	 14.99
272.172	 18.20
272.672	 21.88
273.172	 25.44
273.672	 28.96
274.172	 32.29
274.672	 35.92
275.172	 39.38
275.672	 42.80
276.172	 46.42
276.672	 49.80
277.172	 50.09
277.672	 50.02
278.172	 50.01
278.672	 50.01
279.172	 50.00
279.672	 50.01
280.172	 50.02
280.672	 50.01
281.172	 50.01
281.672	 50.00
282.172	 50.00
282.672	 50.00
283.172	 50.01
283.672	 49.99
284.172	 50.00
284.672	 48.07
285.172	 44.03
285.672	 40.65
286.172	 37.12
286.672	 33.69
287.172	 30.12
287.672	 26.68
288.172	 23.18
288.672	 19.73
289.172	 16.23
289.672	 14.02
290.172	 14.77
290.672	 15.00
291.173	 14.98
291.672	 14.98
292.172	 14.99
292.672	 14.98
293.172	 14.99
293.672	 14.98
294.172	 14.99
294.672	 14.99
295.172	 14.99
295.672	 14.99
296.172	 15.00
296.672	 15.00
296.856	 14.99
297.356	 18.19
297.856	 21.86
298.356	 25.42
298.856	 28.96
299.356	 32.29
299.856	 35.92
300.356	 39.38
300.856	 42.80
301.356	 46.42
301.856	 49.79
302.356	 50.08
302.856	 50.02
303.356	 50.01
303.856	 50.01
304.356	 50.01
304.856	 50.00
305.356	 50.00
305.856	 50.00
306.356	 50.01
306.856	 50.00
307.356	 50.01
307.856	 50.00
308.356	 50.01
308.856	 50.00
309.356	 50.00
309.856	 47.87
310.356	 43.90
310.856	 40.51
311.356	 36.96
311.856	 33.54
312.356	 30.06
312.856	 26.42
313.356	 23.08
313.856	 19.51
314.356	 16.11
314.856	 14.03
315.356	 14.83
315.856	 15.00
316.356	 14.98
316.856	 14.98
317.356	 14.99
317.856	 14.99
318.356	 14.98
318.856	 14.99
319.356	 14.99
319.856	 14.98
320.356	 15.00
320.856	 14.99
321.356	 14.99
321.856	 15.00
322.040	 15.00
322.540	 18.19
323.040	 21.86
323.540	 25.40
324.040	 28.95
324.540	 32.29
325.040	 35.91
325.540	 39.38
326.040	 42.80
326.540	 46.41
327.040	 49.77
327.540	 50.09
328.040	 50.02
328.540	 50.00
329.040	 50.02
329.540	 50.01
330.040	 50.00
330.540	 50.01
331.040	 50.00
331.540	 50.01
332.040	 50.01
332.540	 50.00
333.040	 49.99
333.540	 50.00
334.040	 50.00
334.540	 50.00
335.040	 47.88
335.540	 43.87
336.040	 40.50
336.540	 36.96
337.040	 33.53
337.540	 30.07
338.040	 26.41
338.540	 23.08
339.040	 19.50
339.540	 16.12
340.040	 14.04
340.540	 14.82
341.040	 15.00
341.540	 14.97
342.040	 14.99
342.540	 14.99
343.040	 14.97
343.540	 14.98
344.040	 15.00
344.540	 14.98
345.040	 14.98
345.540	 14.99
346.040	 15.00
346.540	 14.99
347.040	 15.00
347.223	 14.98
347.723	 18.18
348.223	 21.85
348.723	 25.37
349.223	 28.94
349.723	 32.28
350.223	 35.91
350.723	 39.37
351.223	 42.80
351.723	 46.42
352.224	 49.79
352.723	 50.09
353.223	 50.02
353.723	 50.02
354.224	 50.01
354.723	 50.00
355.224	 50.00
355.724	 50.00
356.224	 50.00
356.724	 50.00
357.224	 50.01
357.724	 50.00
358.224	 50.01
358.724	 50.00
359.224	 50.00
359.724	 50.00
360.224	 47.86
360.724	 43.87
361.224	 40.51
361.724	 36.96
362.224	 33.54
362.724	 30.07
363.224	 26.42
363.724	 23.08
364.224	 19.50
364.724	 16.12
365.224	 14.04
365.724	 14.82
366.224	 15.00
366.724	 14.99
367.224	 14.98
367.724	 14.98
368.224	 14.98
368.724	 14.99
369.224	 15.00
369.724	 14.99
370.224	 15.00
370.724	 14.98
371.224	 14.98
371.724	 15.00
372.224	 15.00
372.407	 14.99
372.907	 18.18
373.407	 21.85
373.908	 25.41
374.407	 28.94
374.907	 32.28
375.407	 35.92
375.908	 39.40
376.407	 42.83
376.907	 46.43
377.407	 49.80
377.908	 50.09
378.408	 50.01
378.907	 50.01
379.407	 50.01
379.908	 49.99
380.408	 50.00
380.908	 50.00
381.407	 50.01
381.908	 50.00
382.408	 50.01
382.908	 50.00
383.407	 50.01
383.908	 50.00
384.408	 50.00
384.908	 50.00
385.408	 47.87
385.908	 43.89
386.408	 40.53
386.908	 36.96
387.408	 33.55
387.908	 30.07
388.408	 26.43
388.908	 23.08
389.408	 19.51
389.908	 16.12
390.408	 14.03
390.908	 14.83
391.408	 15.00
391.908	 14.99
392.408	 14.97
392.908	 14.99
393.408	 14.98
393.908	 14.99
394.408	 14.99
394.908	 15.00
395.408	 14.99
395.908	 14.99
396.408	 14.99
396.908	 14.99
397.408	 14.99
397.591	 14.98
398.091	 18.18
398.591	 21.86
399.091	 25.39
399.591	 28.96
400.091	 32.31
400.591	 35.93
401.091	 39.41
401.591	 42.83
402.091	 46.43
402.591	 49.81
403.091	 50.09
403.591	 50.02
404.091	 50.01
404.591	 50.01
405.091	 50.00
405.591	 50.00
406.091	 50.00
406.591	 50.00
407.091	 50.00
407.591	 50.00
408.091	 50.00
408.591	 50.00
409.091	 50.00
409.591	 50.00
410.091	 50.00
410.591	 47.87
411.091	 43.88
411.591	 40.52
412.091	 36.96
412.592	 33.55
413.091	 30.06
413.591	 26.43
414.091	 23.08
414.592	 19.51
415.091	 16.12
415.591	 14.03
416.091	 14.83
416.592	 15.02
417.092	 14.99
417.591	 14.97
418.091	 14.97
418.592	 14.99
419.092	 14.99
419.591	 14.98
420.091	 14.99
420.592	 15.00
421.091	 14.99
421.592	 14.98
422.091	 14.99
422.592	 15.00
422.775	 15.00
423.275	 18.19
423.775	 21.86
424.275	 25.42
424.775	 28.95
425.275	 32.30
425.775	 35.93
426.275	 39.40
426.775	 42.82
427.275	 46.43
427.775	 49.80
428.275	 50.09
428.775	 50.02
429.275	 50.01
429.775	 50.01
430.275	 50.01
430.775	 50.00
431.275	 50.00
431.775	 50.01
432.275	 50.00
432.775	 50.01
433.275	 50.01
433.775	 50.00
434.275	 50.01
434.775	 50.00
435.275	 49.98
435.775	 47.87
436.275	 43.88
436.775	 40.51
437.275	 36.96
437.775	 33.55
438.275	 30.07
438.775	 26.44
439.275	 23.08
439.775	 19.50
440.275	 16.11
440.775	 14.03
441.276	 14.83
441.775	 14.99
442.275	 14.96
442.775	 14.97
443.276	 14.97
443.776	 14.98
444.275	 14.99
444.776	 14.98
445.276	 14.99
445.776	 14.98
446.275	 14.99
446.776	 15.00
447.276	 15.00
447.776	 15.00
447.976	 15.00
448.476	 18.28
448.976	 21.98
449.476	 25.61
449.976	 29.10
450.476	 32.47
450.976	 35.97
451.476	 39.56
451.976	 43.02
452.476	 46.58
452.976	 50.02
453.476	 50.08
453.976	 50.02
454.476	 50.01
454.976	 50.02
455.476	 50.00
455.976	 50.00
456.476	 50.00
456.976	 50.01
457.476	 50.00
457.976	 50.01
458.476	 50.00
458.976	 50.00
459.476	 50.01
459.976	 50.00
460.476	 48.07
460.976	 44.03
461.476	 40.66
461.976	 37.11
462.476	 33.68
462.976	 30.12
463.476	 26.66
463.976	 23.17
464.476	 19.74
464.976	 16.23
465.476	 14.02
465.976	 14.77
466.476	 15.01
466.976	 14.98
467.476	 14.98
467.976	 14.99
468.476	 15.00
468.976	 14.99
469.476	 14.98
469.976	 14.99
470.476	 14.98
470.976	 15.00
471.476	 15.00
471.976	 14.99
472.476	 15.00
472.676	 14.99
473.176	 18.29
473.676	 22.02
474.176	 25.62
474.676	 29.08
475.176	 32.47
475.676	 35.96
476.176	 39.56
476.676	 43.00
477.176	 46.57
477.676	 50.01
478.176	 50.08
478.676	 50.01
479.176	 50.01
479.676	 50.01
480.176	 50.00
480.676	 49.99
481.176	 50.00
481.676	 50.00
482.176	 50.00
482.676	 50.01
483.176	 50.00
483.676	 50.00
484.176	 49.99
484.676	 50.00
485.176	 48.06
485.676	 44.03
486.176	 40.64
486.676	 37.12
487.176	 33.67
487.676	 30.12
488.176	 26.67
488.676	 23.17
489.176	 19.75
489.676	 16.23
490.177	 14.02
490.676	 14.76
491.176	 15.01
491.676	 14.96
492.177	 14.98
492.676	 14.98
493.176	 14.98
493.677	 14.98
494.177	 14.99
494.676	 14.99
495.176	 14.99
495.677	 14.99
496.177	 14.99
496.676	 14.99
497.176	 14.99
497.377	 15.00
497.876	 18.19
498.377	 21.86
498.877	 25.45
499.377	 28.97
499.876	 32.31
500.377	 35.93
500.877	 39.39
501.377	 42.80
501.877	 46.42
502.377	 49.79
502.877	 50.09
503.377	 50.02
503.877	 50.02
504.377	 50.01
504.877	 50.00
505.377	 50.00
505.877	 50.01
506.377	 50.01
506.877	 50.01
507.377	 50.01
507.877	 50.01
508.377	 50.00
508.877	 49.99
509.377	 50.00
509.877	 50.00
510.377	 48.08
510.877	 44.03
511.377	 40.66
511.877	 37.14
512.377	 33.69
512.877	 30.13
513.377	 26.68
513.877	 23.19
514.377	 19.75
514.877	 16.23
515.377	 14.02
515.877	 14.77
516.377	 15.00
516.877	 14.99
517.377	 14.98
517.877	 14.98
518.377	 14.99
518.877	 14.98
519.377	 15.01
519.877	 14.98
520.377	 14.99
520.877	 14.99
521.377	 14.99
521.877	 15.00
522.377	 15.00
522.577	 14.99
523.077	 18.18
523.577	 21.85
524.077	 25.38
524.577	 28.94
525.077	 32.29
525.577	 35.92
526.077	 39.40
526.577	 42.82
527.077	 46.43
527.577	 49.81
528.077	 50.09
528.577	 50.01
529.077	 50.01
529.577	 50.00
530.077	 50.01
530.577	 50.00
531.077	 50.01
531.577	 50.01
532.077	 49.99
532.577	 50.00
533.077	 50.00
533.577	 50.00
534.077	 50.00
534.577	 50.00
535.077	 50.00
535.577	 48.07
536.077	 44.03
536.577	 40.65
537.077	 37.13
537.577	 33.69
538.077	 30.12
538.577	 26.67
539.077	 23.18
539.577	 19.75
540.077	 16.23
540.577	 14.02
541.077	 14.76
541.577	 15.01
542.077	 14.97
542.577	 14.98
543.077	 14.98
543.578	 14.98
544.077	 14.97
544.577	 15.00
545.077	 15.00
545.578	 14.99
546.078	 14.99
546.577	 15.00
547.077	 14.99
547.578	 14.99
547.777	 15.00
548.277	 18.28
548.778	 21.99
549.278	 25.61
549.777	 29.09
550.278	 32.48
550.778	 35.96
551.278	 39.56
551.777	 43.02
552.278	 46.59
552.778	 50.02
553.278	 50.08
553.777	 50.02
554.278	 50.02
554.778	 50.01
555.278	 50.01
555.777	 50.00
556.278	 50.00
556.778	 50.00
557.278	 49.99
557.778	 50.00
558.278	 50.01
558.778	 50.00
559.278	 50.01
559.778	 50.00
560.278	 48.07
560.778	 44.03
561.278	 40.65
561.778	 37.14
562.278	 33.69
562.778	 30.13
563.278	 26.68
563.778	 23.19
564.278	 19.75
564.778	 16.24
565.278	 14.02
565.778	 14.77
566.278	 15.01
566.778	 14.97
567.278	 14.98
567.778	 14.98
568.278	 14.99
568.778	 14.99
569.278	 15.00
569.778	 14.98
570.278	 15.00
570.778	 14.99
571.278	 14.99
571.778	 14.99
572.278	 14.98
572.478	 14.99
572.978	 18.20
573.478	 21.88
573.978	 25.42
574.478	 28.94
574.978	 32.27
575.478	 35.90
575.978	 39.38
576.478	 42.81
576.978	 46.42
577.478	 49.80
577.978	 50.08
578.478	 50.02
578.978	 50.01
579.478	 50.01
579.978	 50.00
580.478	 50.01
580.978	 50.01
581.478	 50.01
581.978	 50.01
582.478	 50.00
582.978	 50.00
583.478	 50.01
583.978	 50.00
584.478	 49.99
584.978	 50.01
585.478	 48.07
585.978	 44.03
586.478	 40.65
586.978	 37.09
587.478	 33.68
587.978	 30.12
588.478	 26.65
588.978	 23.18
589.478	 19.75
589.978	 16.23
590.478	 14.02
590.978	 14.76
591.478	 15.01
591.978	 14.97
592.478	 14.98
592.978	 14.99
593.478	 14.97
593.978	 14.97
594.478	 14.98
594.978	 15.00
595.478	 14.99
595.978	 14.99
596.478	 15.00
596.978	 15.00
597.478	 14.99
597.678	 15.00
598.178	 18.19
598.678	 21.86
599.179	 25.45
599.678	 28.95
600.178	 32.30
600.678	 35.93
601.179	 39.39
601.678	 42.82
602.178	 46.43
602.678	 49.81
603.179	 50.09
603.679	 50.02
604.178	 50.01
604.679	 50.01
605.179	 50.00
605.679	 50.00
606.178	 50.01
606.679	 50.00
607.179	 50.01
607.679	 50.01
608.178	 50.00
608.679	 50.00
609.179	 50.00
609.679	 50.01
610.179	 50.00
610.679	 48.09
611.179	 44.03
611.679	 40.65
612.179	 37.14
612.679	 33.70
613.179	 30.13
613.679	 26.67
614.179	 23.19
614.679	 19.76
615.179	 16.24
615.679	 14.02
616.179	 14.76
616.679	 15.01
617.179	 14.97
617.679	 14.98
618.179	 14.99
618.679	 14.98
619.179	 14.98
619.679	 15.00
620.179	 14.97
620.679	 14.99
621.179	 14.99
621.679	 15.00
622.179	 15.00
622.679	 14.98
622.879	 15.00
623.379	 18.19
623.879	 21.85
624.379	 25.44
624.879	 28.96
625.379	 32.31
625.879	 35.92
626.379	 39.39
626.879	 42.81
627.379	 46.42
627.879	 49.79
628.379	 50.09
628.879	 50.02
629.379	 50.01
629.879	 50.01
630.379	 50.00
630.879	 50.00
631.379	 50.01
631.879	 50.00
632.379	 50.01
632.879	 50.01
633.379	 49.99
633.879	 50.00
634.379	 50.00
634.879	 50.01
635.379	 50.00
635.879	 48.09
636.379	 44.05
636.879	 40.66
637.379	 37.14
637.879	 33.69
638.379	 30.13
638.879	 26.66
639.379	 23.18
639.879	 19.74
640.379	 16.23
640.879	 14.02
641.379	 14.77
641.879	 15.00
642.379	 14.97
642.879	 14.98
643.379	 14.98
643.879	 14.99
644.379	 14.98
644.879	 14.99
645.379	 14.99
645.879	 14.99
646.379	 15.00
646.879	 15.00
647.379	 14.99
647.879	 15.00
648.079	 14.98
648.579	 18.19
649.080	 21.84
649.579	 25.40
650.079	 28.95
650.579	 32.29
651.080	 35.92
651.579	 39.39
652.079	 42.82
652.579	 46.43
653.080	 49.80
653.579	 50.08
654.079	 50.02
654.579	 50.01
655.080	 50.00
655.580	 49.99
656.079	 50.01
656.580	 50.01
657.080	 50.01
657.580	 50.00
658.079	 50.00
658.580	 50.01
659.080	 50.00
659.580	 50.01
660.080	 50.00
660.580	 50.00
661.080	 48.08
661.580	 44.02
662.080	 40.65
662.580	 37.14
663.080	 33.68
663.580	 30.12
664.080	 26.66
664.580	 23.19
665.080	 19.75
665.580	 16.24
666.080	 14.02
666.580	 14.77
667.080	 15.01
667.580	 14.98
668.080	 14.98
668.580	 14.98
669.080	 14.98
669.580	 14.97
670.080	 14.98
670.580	 14.99
671.080	 15.00
671.580	 14.99
672.080	 15.00
672.580	 14.99
673.080	 15.00
673.280	 15.00
673.780	 18.28
674.280	 22.02
674.780	 25.62
675.280	 29.11
675.780	 32.50
676.280	 35.97
676.780	 39.58
677.280	 43.06
677.780	 46.60
678.280	 50.02
678.780	 50.08
679.280	 50.02
679.780	 50.01
680.280	 50.00
680.780	 50.01
681.280	 50.01
681.780	 50.01
682.280	 50.00
682.780	 50.01
683.280	 50.00
683.780	 50.00
684.280	 50.01
684.780	 50.00
685.280	 50.00
685.780	 48.05
686.280	 44.01
686.780	 40.65
687.280	 37.13
687.780	 33.70
688.280	 30.12
688.780	 26.66
689.280	 23.17
689.780	 19.74
690.280	 16.23
690.780	 14.02
691.280	 14.78
691.780	 15.01
692.280	 14.96
692.780	 14.98
693.280	 14.98
693.780	 14.98
694.280	 14.97
694.780	 15.00
695.280	 15.00
695.780	 14.99
696.280	 15.00
696.780	 14.99
697.280	 14.99
697.780	 14.99
697.980	 15.00
698.480	 18.21
698.980	 21.86
699.480	 25.40
699.980	 28.94
700.480	 32.28
700.980	 35.93
701.480	 39.39
701.980	 42.81
702.480	 46.43
702.981	 49.82
703.480	 50.09
703.980	 50.02
704.480	 50.01
704.981	 50.00
705.480	 50.00
705.980	 50.01
706.480	 50.00
706.981	 50.01
707.481	 50.00
707.980	 50.00
708.481	 50.00
708.981	 50.00
709.481	 50.00
709.980	 50.00
710.481	 50.00
710.981	 48.09
711.481	 44.02
711.981	 40.65
712.481	 37.12
712.981	 33.69
713.481	 30.13
713.980	 26.68
714.481	 23.19
714.981	 19.76
715.481	 16.24
715.981	 14.02
716.481	 14.74
716.981	 15.01
717.481	 14.97
717.981	 14.97
718.481	 14.99
718.981	 14.98
719.481	 14.99
719.981	 14.98
720.481	 14.98
720.981	 14.99
721.481	 15.00
721.981	 14.98
722.481	 14.99
722.981	 15.00
723.181	 14.99
723.681	 18.20
724.181	 21.89
724.681	 25.47
725.181	 28.95
725.681	 32.28
726.181	 35.92
726.681	 39.39
727.181	 42.81
727.681	 46.43
728.181	 49.83
728.681	 50.09
729.181	 50.02
729.681	 50.01
730.181	 50.01
730.681	 50.00
731.181	 50.01
731.681	 50.00
732.181	 50.01
732.681	 50.01
733.181	 50.00
733.681	 50.01
734.181	 50.00
734.681	 50.00
735.181	 50.00
735.681	 49.99
736.181	 48.07
736.681	 44.02
737.181	 40.65
737.681	 37.13
738.181	 33.69
738.681	 30.13
739.181	 26.68
739.681	 23.20
740.181	 19.76
740.681	 16.24
741.181	 14.02
741.681	 14.76
742.181	 15.02
742.681	 14.97
743.182	 14.98
743.681	 14.98
744.181	 14.99
744.681	 14.99
745.182	 14.98
745.681	 15.00
746.181	 14.99
746.681	 15.00
747.182	 15.00
747.682	 14.99
748.181	 15.00
748.381	 14.99
748.881	 18.20
749.381	 21.87
749.881	 25.43
750.381	 28.95
750.881	 32.28
751.381	 35.90
751.881	 39.38
752.381	 42.80
752.881	 46.42
753.381	 49.78
753.881	 50.08
754.381	 50.02
754.882	 50.01
755.381	 50.00
755.881	 50.00
756.381	 50.01
756.882	 50.01
757.381	 50.01
757.881	 50.00
758.381	 50.00
758.882	 50.00
759.381	 50.00
759.881	 49.99
760.381	 50.00
760.882	 50.01
761.382	 48.08
761.881	 44.03
762.382	 40.65
762.882	 37.10
763.382	 33.68
763.881	 30.12
764.381	 26.66
764.882	 23.19
765.382	 19.75
765.882	 16.24
766.382	 14.02
766.882	 14.75
767.382	 15.00
767.882	 14.98
768.382	 14.98
768.882	 14.99
769.382	 14.98
769.882	 14.98
770.382	 14.99
770.882	 15.00
771.382	 14.99
771.882	 14.99
772.382	 14.99
772.882	 15.00
773.382	 14.99
773.582	 14.99
774.082	 18.19
774.582	 21.84
775.082	 25.42
775.582	 28.95
776.082	 32.32
776.582	 35.94
777.082	 39.40
777.582	 42.81
778.082	 46.42
778.582	 49.80
779.082	 50.10
779.582	 50.02
780.082	 50.00
780.582	 50.01
781.082	 50.02
781.582	 50.00
782.082	 50.01
782.582	 50.00
783.082	 50.00
783.582	 50.00
784.082	 50.00
784.582	 50.00
785.082	 50.00
785.582	 50.00
786.082	 49.99
786.582	 48.07
787.082	 44.02
787.582	 40.65
788.082	 37.13
788.582	 33.68
789.082	 30.13
789.582	 26.67
790.082	 23.18
790.582	 19.75
791.082	 16.23
791.582	 14.02
792.082	 14.75
792.582	 14.99
793.082	 14.98
793.582	 14.98
794.082	 14.99
794.582	 14.99
795.082	 14.99
795.583	 14.99
796.082	 15.00
796.582	 14.99
797.082	 15.00
797.583	 14.98
798.083	 15.00
798.582	 14.99
798.783	 15.00
799.282	 18.19
799.782	 21.87
800.283	 25.41
800.783	 28.96
801.282	 32.31
801.782	 35.93
802.283	 39.40
802.783	 42.82
803.283	 46.43
803.782	 49.81
804.283	 50.09
804.783	 50.02
805.283	 50.01
805.783	 50.02
806.282	 50.00
806.783	 50.00
807.283	 50.00
807.783	 50.01
808.283	 50.00
808.783	 50.00
809.283	 50.00
809.783	 50.00
810.283	 50.00
810.783	 50.00
811.283	 50.00
811.783	 47.87
812.283	 43.89
812.783	 40.51
813.283	 36.96
813.783	 33.55
814.283	 30.07
814.783	 26.41
815.283	 23.07
815.783	 19.48
816.283	 16.11
816.783	 14.03
817.283	 14.81
817.783	 15.01
818.283	 14.99
818.783	 14.99
819.283	 14.99
819.783	 14.99
820.283	 14.99
820.783	 14.99
821.283	 14.99
821.783	 14.98
822.283	 15.00
822.783	 15.00
823.283	 15.00
823.783	 14.99
823.966	 15.00
824.466	 18.18
824.966	 21.86
825.466	 25.39
825.966	 28.95
826.466	 32.28
826.966	 35.92
827.466	 39.39
827.966	 42.82
828.466	 46.43
828.966	 49.82
829.466	 50.09
829.966	 50.02
830.466	 50.01
830.966	 50.02
831.466	 50.00
831.966	 50.00
832.466	 49.99
832.966	 50.01
833.466	 50.01
833.966	 50.01
834.466	 49.99
834.966	 50.00
835.466	 50.00
835.966	 50.00
836.466	 50.01
836.966	 47.88
837.466	 43.90
837.966	 40.54
838.466	 36.96
838.967	 33.55
839.466	 30.06
839.966	 26.44
840.466	 23.08
840.967	 19.51
841.466	 16.12
841.966	 14.03
842.467	 14.82
842.967	 15.00
843.466	 14.99
843.966	 14.97
844.467	 14.98
844.967	 14.99
845.467	 14.97
845.966	 14.99
846.467	 14.98
846.967	 15.00
847.467	 14.99
847.967	 14.99
848.466	 14.98
848.967	 15.00
849.150	 15.00
849.650	 18.18
850.150	 21.86
850.650	 25.39
851.150	 28.94
851.650	 32.29
852.150	 35.92
852.650	 39.40
853.150	 42.82
853.650	 46.43
854.150	 49.82
854.650	 50.09
855.150	 50.02
855.650	 50.01
856.150	 50.01
856.650	 50.01
857.150	 49.99
857.650	 50.00
858.150	 50.00
858.650	 50.00
859.150	 50.00
859.650	 50.00
860.150	 50.00
860.650	 50.00
861.150	 50.00
861.650	 50.00
862.150	 47.88
862.650	 43.88
863.150	 40.51
863.651	 36.96
864.150	 33.55
864.650	 30.06
865.150	 26.43
865.651	 23.08
866.150	 19.49
866.650	 16.11
867.151	 14.04
867.651	 14.83
868.150	 14.99
868.650	 14.98
869.151	 14.99
869.651	 15.00
870.151	 14.99
870.650	 15.00
871.151	 14.99
871.651	 14.97
872.151	 14.99
872.650	 14.99
873.151	 14.99
873.651	 14.99
874.151	 14.99
874.334	 14.99
874.834	 18.17
875.334	 21.84
875.834	 25.37
876.334	 28.93
876.834	 32.27
877.334	 35.90
877.834	 39.38
878.334	 42.81
878.834	 46.44
879.334	 49.83
879.834	 50.09
880.334	 50.01
880.834	 50.01
881.334	 50.01
881.834	 50.00
882.334	 50.00
882.834	 50.00
883.334	 50.00
883.834	 50.01
884.334	 50.01
884.834	 50.00
885.334	 50.00
885.834	 50.01
886.334	 50.00
886.834	 50.00
887.334	 47.85
887.834	 43.86
888.334	 40.47
888.834	 36.96
889.334	 33.54
889.834	 30.06
890.334	 26.41
890.834	 23.08
891.334	 19.47
891.834	 16.10
892.334	 14.04
892.834	 14.82
893.334	 15.00
893.834	 14.97
894.334	 14.99
894.834	 14.98
895.334	 15.00
895.834	 15.00
896.334	 15.00
896.834	 14.98
897.334	 14.99
897.834	 14.99
898.334	 14.99
898.834	 15.00
899.334	 15.00
899.518	 14.99
900.018	 18.19
900.518	 21.84
901.018	 25.35
901.518	 28.93
902.018	 32.26
902.518	 35.90
903.018	 39.38
903.518	 42.81
904.018	 46.43
904.518	 49.83
905.018	 50.08
905.518	 50.02
906.018	 50.01
906.518	 50.01
907.018	 50.00
907.518	 50.00
908.018	 50.00
908.518	 50.01
909.018	 50.00
909.518	 50.01
910.018	 49.99
910.518	 50.00
911.018	 50.01
911.518	 50.00
912.018	 50.00
912.518	 47.87
913.018	 43.88
913.518	 40.51
914.018	 36.96
914.518	 33.55
915.018	 30.07
915.518	 26.43
916.018	 23.08
916.518	 19.53
917.018	 16.12
917.518	 14.04
918.018	 14.82
918.518	 15.00
919.018	 14.98
919.518	 14.98
920.018	 14.99
920.518	 14.98
921.018	 14.99
921.518	 14.99
922.018	 14.98
922.518	 14.99
923.018	 14.98
923.518	 14.99
924.018	 14.99
924.518	 14.99
924.701	 14.99
925.202	 18.19
925.702	 21.85
926.202	 25.36
926.701	 28.94
927.202	 32.29
927.702	 35.92
928.202	 39.39
928.702	 42.82
929.202	 46.43
929.702	 49.84
930.202	 50.09
930.702	 50.01
931.202	 50.01
931.702	 50.01
932.202	 50.01
932.702	 50.00
933.202	 50.01
933.702	 50.00
934.202	 50.01
934.702	 50.00
935.202	 50.00
935.702	 50.00
936.202	 50.00
936.702	 50.00
937.202	 50.00
937.702	 47.87
938.202	 43.88
938.702	 40.52
939.202	 36.96
939.702	 33.54
940.202	 30.07
940.702	 26.45
941.202	 23.08
941.702	 19.53
942.202	 16.13
942.702	 14.04
943.202	 14.82
943.702	 14.99
944.202	 14.98
944.702	 14.97
945.202	 14.98
945.702	 14.98
946.202	 14.98
946.702	 14.99
947.202	 14.99
947.702	 14.98
948.202	 14.99
948.702	 15.00
949.202	 15.00
949.702	 14.99
949.885	 14.99
950.385	 18.20
950.885	 21.85
951.385	 25.38
951.885	 28.94
952.385	 32.27
952.885	 35.91
953.385	 39.38
953.885	 42.82
954.385	 46.42
954.885	 49.82
955.385	 50.09
955.885	 50.02
956.385	 50.01
956.885	 50.01
957.386	 50.01
957.885	 50.00
958.385	 50.01
958.886	 50.00
959.386	 50.01
959.885	 50.00
960.385	 50.01
960.886	 50.00
961.386	 50.01
961.886	 50.01
962.385	 50.00
962.886	 47.85
963.386	 43.88
963.886	 40.50
964.385	 36.96
964.886	 33.54
965.386	 30.07
965.886	 26.43
966.385	 23.08
966.886	 19.52
967.386	 16.12
967.886	 14.03
968.386	 14.82
968.886	 15.02
969.386	 14.98
969.886	 14.98
970.386	 14.97
970.886	 14.98
971.386	 14.99
971.886	 14.98
972.386	 14.99
972.886	 15.00
973.386	 14.97
973.886	 14.99
974.386	 14.99
974.886	 14.98
975.069	 14.99
975.569	 18.21
976.069	 21.86
976.569	 25.39
977.069	 28.94
977.569	 32.27
978.069	 35.91
978.569	 39.39
979.069	 42.82
979.569	 46.43
980.069	 49.81
980.569	 50.09
981.069	 50.02
981.570	 50.01
982.069	 50.01
982.569	 50.01
983.069	 50.00
983.570	 50.00
984.069	 50.01
984.569	 50.01
985.070	 50.00
985.570	 50.00
986.070	 50.01
986.569	 50.01
987.070	 50.00
987.570	 50.00
988.070	 47.86
988.569	 43.89
989.070	 40.52
989.570	 36.96
990.070	 33.54
990.569	 30.08
991.070	 26.44
991.570	 23.08
992.070	 19.49
992.570	 16.10
993.070	 14.04
993.570	 14.85
994.070	 15.00
994.570	 14.97
995.070	 14.98
995.570	 14.98
996.070	 14.99
996.570	 14.98
997.070	 15.00
997.570	 14.99
998.070	 15.00
998.570	 15.00
999.070	 14.99
999.570	 14.99
1000.070	 14.99
1000.253	 14.99
1000.753	 18.22
1001.253	 21.88
1001.753	 25.41
1002.253	 28.95
1002.753	 32.29
1003.253	 35.92
1003.753	 39.39
1004.253	 42.82
1004.753	 46.44
1005.253	 49.83
1005.753	 50.08
1006.253	 50.01
1006.753	 50.00
1007.253	 50.01
1007.753	 50.01
1008.253	 50.01
1008.753	 50.00
1009.253	 50.00
1009.753	 50.01
1010.253	 50.00
1010.753	 50.00
1011.253	 50.00
1011.753	 50.00
1012.253	 50.00
1012.753	 50.01
1013.253	 47.88
1013.753	 43.88
1014.253	 40.54
1014.753	 36.97
1015.253	 33.55
1015.753	 30.07
1016.253	 26.44
1016.753	 23.08
1017.253	 19.50
1017.753	 16.11
1018.253	 14.04
1018.753	 14.84
1019.253	 15.00
1019.753	 14.97
1020.253	 14.99
1020.753	 14.99
1021.253	 14.99
1021.753	 14.99
1022.253	 14.99
1022.753	 14.99
1023.254	 14.99
1023.753	 14.99
1024.253	 14.99
1024.753	 15.00
1025.254	 15.00
1025.437	 14.99
1025.937	 18.23
1026.437	 21.88
1026.937	 25.41
1027.437	 28.94
1027.937	 32.29
1028.437	 35.92
1028.937	 39.39
1029.437	 42.81
1029.937	 46.44
1030.437	 49.82
1030.937	 50.09
1031.437	 50.02
1031.937	 50.01
1032.437	 50.01
1032.937	 50.01
1033.437	 50.00
1033.937	 50.01
1034.437	 50.00
1034.937	 50.00
1035.437	 50.00
1035.937	 50.01
1036.437	 50.00
1036.937	 50.00
1037.437	 50.00
1037.937	 50.00
1038.437	 47.87
1038.937	 43.89
1039.437	 40.48
1039.937	 36.96
1040.437	 33.54
1040.937	 30.06
1041.437	 26.43
1041.937	 23.08
1042.437	 19.49
1042.937	 16.11
1043.437	 14.03
1043.937	 14.84
1044.437	 15.00
1044.937	 14.98
1045.437	 14.98
1045.937	 14.98
1046.437	 14.99
1046.937	 14.99
1047.437	 14.98
1047.937	 14.99
1048.437	 14.99
1048.938	 14.99
1049.437	 15.00
1049.937	 14.99
1050.437	 15.00
1050.621	 15.00
1051.121	 18.21
1051.621	 21.88
1052.121	 25.46
1052.621	 28.95
1053.121	 32.28
1053.621	 35.91
1054.121	 39.38
1054.621	 42.81
1055.121	 46.42
1055.621	 49.80
1056.121	 50.09
1056.621	 50.03
1057.121	 50.01
1057.621	 50.00
1058.121	 50.01
1058.621	 50.00
1059.121	 50.01
1059.621	 50.00
1060.121	 50.01
1060.621	 50.00
1061.121	 50.01
1061.621	 49.99
1062.121	 50.00
1062.621	 50.01
1063.121	 50.01
1063.621	 47.86
1064.121	 43.87
1064.621	 40.50
1065.121	 36.96
1065.621	 33.54
1066.121	 30.07
1066.621	 26.42
1067.121	 23.08
1067.621	 19.52
1068.121	 16.12
1068.621	 14.03
1069.121	 14.83
1069.621	 15.00
1070.121	 14.98
1070.621	 14.97
1071.121	 14.98
1071.621	 14.99
1072.121	 15.00
1072.621	 14.99
1073.121	 14.99
1073.621	 14.99
1074.121	 15.00
1074.621	 14.99
1075.121	 14.99
1075.621	 14.99
1075.804	 14.99
1076.304	 18.21
1076.804	 21.88
1077.305	 25.48
1077.805	 28.95
1078.304	 32.30
1078.804	 35.91
1079.305	 39.39
1079.805	 42.82
1080.305	 46.44
1080.804	 49.83
1081.305	 50.09
1081.805	 50.02
1082.305	 50.01
1082.804	 50.02
1083.305	 50.01
1083.805	 50.00
1084.305	 49.99
1084.805	 49.99
1085.305	 50.01
1085.805	 50.00
1086.305	 50.01
1086.805	 50.00
1087.305	 50.00
1087.805	 50.00
1088.305	 50.00
1088.805	 47.85
1089.305	 43.87
1089.805	 40.48
1090.305	 36.96
1090.805	 33.53
1091.305	 30.06
1091.805	 26.42
1092.305	 23.08
1092.805	 19.52
1093.305	 16.11
1093.805	 14.04
1094.305	 14.82
1094.805	 15.01
1095.305	 14.97
1095.805	 14.98
1096.305	 14.98
1096.805	 14.99
1097.305	 14.99
1097.805	 14.98
1098.305	 14.98
1098.805	 14.99
1099.305	 15.00
1099.805	 14.97
1100.305	 14.99
1100.805	 15.00
1100.988	 15.00
1101.488	 18.21
1101.989	 21.87
1102.488	 25.43
1102.988	 28.94
1103.488	 32.26
1103.989	 35.93
1104.489	 39.40
1104.988	 42.82
1105.488	 46.43
1105.989	 49.82
1106.489	 50.08
1106.988	 50.02
1107.488	 50.00
1107.989	 50.00
1108.489	 50.00
1108.989	 50.00
1109.488	 50.01
1109.988	 50.01
1110.489	 50.01
1110.989	 50.00
1111.489	 50.00
1111.988	 49.99
1112.489	 50.00
1112.989	 50.00
1113.489	 50.00
1113.989	 48.05
1114.489	 44.02
1114.989	 40.65
1115.489	 37.12
1115.989	 33.69
1116.489	 30.13
1116.989	 26.68
1117.489	 23.19
1117.989	 19.76
1118.489	 16.24
1118.989	 14.02
1119.489	 14.78
1119.989	 15.02
1120.489	 14.97
1120.989	 14.99
1121.489	 14.97
1121.989	 15.00
1122.489	 14.99
1122.989	 14.99
1123.489	 14.99
1123.989	 15.00
1124.489	 14.98
1124.989	 14.99
1125.489	 14.99
1125.989	 15.00
1126.172	 14.99
1126.672	 18.21
1127.172	 21.87
1127.672	 25.44
1128.172	 28.99
1128.672	 32.32
1129.172	 35.94
1129.672	 39.40
1130.172	 42.82
1130.672	 46.44
1131.172	 49.82
1131.672	 50.09
1132.172	 50.02
1132.672	 50.02
1133.172	 50.01
1133.672	 50.01
1134.172	 50.01
1134.672	 50.01
1135.172	 49.99
1135.672	 50.01
1136.172	 50.00
1136.672	 50.01
1137.172	 50.00
1137.672	 50.01
1138.172	 50.00
1138.672	 49.99
1139.172	 47.87
1139.673	 43.87
1140.172	 40.48
1140.672	 36.96
1141.173	 33.54
1141.672	 30.06
1142.172	 26.42
1142.672	 23.08
1143.172	 19.51
1143.673	 16.13
1144.172	 14.03
1144.672	 14.82
1145.173	 15.01
1145.673	 14.97
1146.172	 14.98
1146.672	 14.98
1147.173	 14.98
1147.673	 14.99
1148.173	 14.99
1148.672	 15.00
1149.173	 15.01
1149.673	 14.99
1150.173	 14.99
1150.672	 15.00
1151.173	 15.00
1151.356	 15.00
1151.856	 18.20
1152.356	 21.88
1152.856	 25.46
1153.356	 28.96
1153.856	 32.31
1154.356	 35.92
1154.856	 39.39
1155.356	 42.81
1155.856	 46.43
1156.356	 49.81
1156.856	 50.09
1157.356	 50.02
1157.856	 50.01
1158.356	 50.01
1158.856	 50.01
1159.356	 50.01
1159.856	 50.00
1160.356	 50.00
1160.856	 50.00
1161.356	 50.00
1161.856	 50.00
1162.356	 50.00
1162.856	 50.01
1163.356	 50.00
1163.856	 49.99
1164.356	 48.06
1164.856	 44.04
1165.356	 40.65
1165.856	 37.13
1166.356	 33.68
1166.856	 30.12
1167.356	 26.67
1167.856	 23.21
1168.356	 19.76
1168.856	 16.24
1169.356	 14.03
1169.856	 14.77
1170.356	 15.01
1170.856	 14.97
1171.356	 14.99
1171.856	 14.98
1172.356	 15.00
1172.856	 15.00
1173.356	 15.00
1173.856	 15.00
1174.356	 14.99
1174.856	 14.99
1175.356	 15.00
1175.856	 14.99
1176.356	 14.99
1176.540	 15.00
1177.040	 18.20
1177.540	 21.87
1178.040	 25.45
1178.540	 28.97
1179.040	 32.31
1179.540	 35.93
1180.040	 39.39
1180.540	 42.81
1181.040	 46.42
1181.540	 49.80
1182.040	 50.09
1182.540	 50.02
1183.040	 50.01
1183.540	 50.01
1184.040	 50.01
1184.540	 50.00
1185.040	 50.00
1185.540	 50.01
1186.040	 50.00
1186.540	 50.00
1187.040	 50.00
1187.540	 50.01
1188.040	 50.00
1188.540	 50.00
1189.040	 50.00
1189.540	 47.88
1190.040	 43.88
1190.540	 40.52
1191.040	 36.96
1191.540	 33.54
1192.040	 30.06
1192.540	 26.43
1193.040	 23.08
1193.540	 19.51
1194.040	 16.10
1194.540	 14.04
1195.040	 14.83
1195.540	 15.00
1196.040	 14.97
1196.540	 14.97
1197.040	 14.97
1197.540	 14.99
1198.040	 14.99
1198.540	 14.98
1199.040	 14.99
1199.540	 15.00
1200.041	 15.00
1200.540	 15.00
1201.040	 15.00
1201.540	 15.00
1201.724	 14.99
1202.224	 18.20
1202.724	 21.88
1203.224	 25.44
1203.724	 28.96
1204.223	 32.30
1204.724	 35.93
1205.224	 39.41
1205.724	 42.83
1206.224	 46.43
1206.724	 49.80
1207.224	 50.09
1207.724	 50.02
1208.224	 50.02
1208.724	 50.01
1209.224	 50.01
1209.724	 50.00
1210.224	 50.00
1210.724	 50.00
1211.224	 50.00
1211.724	 50.01
1212.224	 50.00
1212.724	 50.00
1213.224	 50.01
1213.724	 49.99
1214.224	 50.00
1214.724	 47.88
1215.224	 43.91
1215.724	 40.54
1216.224	 36.96
1216.724	 33.55
1217.224	 30.08
1217.724	 26.42
1218.224	 23.08
1218.724	 19.50
1219.224	 16.12
1219.724	 14.04
1220.224	 14.82
1220.724	 15.01
1221.224	 14.97
1221.724	 14.98
1222.224	 14.98
1222.724	 14.99
1223.224	 15.00
1223.724	 14.99
1224.224	 15.01
1224.724	 15.00
1225.224	 15.00
1225.724	 14.99
1226.224	 14.99
1226.724	 14.99
1226.908	 15.00
1227.408	 18.21
1227.907	 21.87
1228.408	 25.44
1228.908	 28.96
1229.408	 32.31
1229.907	 35.94
1230.408	 39.41
1230.908	 42.82
1231.408	 46.43
1231.908	 49.80
1232.408	 50.09
1232.908	 50.02
1233.408	 50.00
1233.908	 50.01
1234.408	 50.01
1234.908	 50.01
1235.408	 50.00
1235.908	 50.00
1236.408	 50.01
1236.908	 50.00
1237.408	 50.01
1237.908	 50.00
1238.408	 50.01
1238.908	 50.00
1239.408	 50.01
1239.908	 48.08
1240.408	 44.05
1240.908	 40.65
1241.408	 37.15
1241.908	 33.68
1242.408	 30.12
1242.908	 26.67
1243.408	 23.18
1243.908	 19.75
1244.408	 16.23
1244.908	 14.02
1245.408	 14.79
1245.908	 15.01
1246.408	 14.98
1246.908	 14.96
1247.408	 14.98
1247.908	 14.99
1248.408	 14.99
1248.908	 14.99
1249.408	 14.99
1249.908	 14.98
1250.408	 15.00
1250.908	 15.00
1251.408	 15.00
1251.908	 14.99
1252.091	 15.00
1252.591	 18.20
1253.091	 21.85
1253.591	 25.41
1254.091	 28.95
1254.591	 32.30
1255.091	 35.93
1255.591	 39.40
1256.091	 42.83
1256.591	 46.42
1257.091	 49.79
1257.592	 50.09
1258.091	 50.02
1258.591	 50.01
1259.091	 50.01
1259.592	 50.00
1260.091	 50.00
1260.591	 50.00
1261.091	 50.00
1261.592	 50.00
1262.091	 50.01
1262.591	 50.01
1263.092	 50.00
1263.592	 50.00
1264.091	 50.00
1264.591	 50.00
1265.092	 47.85
1265.592	 43.87
1266.092	 40.50
1266.591	 36.96
1267.092	 33.54
1267.592	 30.06
1268.092	 26.41
1268.591	 23.08
1269.092	 19.49
1269.592	 16.10
1270.092	 14.04
1270.592	 14.83
1271.092	 15.00
1271.592	 14.97
1272.092	 14.97
1272.592	 14.99
1273.092	 15.00
1273.592	 14.99
1274.092	 14.98
1274.592	 15.00
1275.092	 14.98
1275.592	 14.99
1276.092	 14.99
1276.592	 15.00
1277.092	 15.00
1277.275	 14.99
1277.775	 18.18
1278.275	 21.85
1278.775	 25.38
1279.275	 28.94
1279.775	 32.28
1280.275	 35.91
1280.775	 39.40
1281.275	 42.81
1281.775	 46.44
1282.275	 49.84
1282.775	 50.08
1283.275	 50.03
1283.775	 50.01
1284.275	 50.00
1284.775	 50.00
1285.275	 50.00
1285.776	 50.00
1286.275	 50.00
1286.775	 50.01
1287.275	 50.01
1287.776	 50.00
1288.276	 50.01
1288.775	 50.01
1289.275	 50.00
1289.776	 50.00
1290.276	 47.86
1290.775	 43.86
1291.275	 40.50
1291.776	 36.96
1292.276	 33.54
1292.776	 30.06
1293.275	 26.42
1293.776	 23.08
1294.276	 19.48
1294.776	 16.11
1295.276	 14.04
1295.776	 14.84
1296.276	 15.00
1296.776	 14.99
1297.276	 14.98
1297.776	 14.99
1298.276	 15.00
1298.776	 14.99
1299.276	 14.98
1299.776	 14.99
1300.276	 14.99
1300.776	 15.00
1301.276	 14.99
1301.776	 14.99
1302.276	 15.00
1302.459	 14.99
1302.959	 18.19
1303.459	 21.85
1303.959	 25.39
1304.459	 28.93
1304.959	 32.28
1305.459	 35.92
1305.959	 39.41
1306.459	 42.83
1306.959	 46.44
1307.459	 49.83
1307.959	 50.08
1308.459	 50.03
1308.959	 50.02
1309.459	 50.00
1309.959	 50.01
1310.459	 50.00
1310.959	 50.00
1311.459	 50.01
1311.959	 50.00
1312.459	 50.00
1312.959	 50.00
1313.459	 50.00
1313.959	 50.01
1314.459	 50.01
1314.959	 49.99
1315.459	 47.87
1315.959	 43.88
1316.459	 40.53
1316.959	 36.96
1317.459	 33.55
1317.959	 30.07
1318.459	 26.45
1318.959	 23.09
1319.459	 19.54
1319.959	 16.12
1320.459	 14.04
1320.959	 14.83
1321.459	 15.00
1321.959	 14.98
1322.459	 14.98
1322.959	 14.99
1323.459	 14.97
1323.960	 15.00
1324.459	 14.99
1324.959	 15.00
1325.459	 14.98
1325.960	 14.99
1326.459	 15.00
1326.959	 14.99
1327.459	 15.00
1327.643	 15.00
1328.143	 18.19
1328.643	 21.86
1329.143	 25.43
1329.643	 28.95
1330.143	 32.29
1330.643	 35.92
1331.143	 39.40
1331.643	 42.83
1332.143	 46.44
1332.643	 49.84
1333.143	 50.08
1333.643	 50.02
1334.143	 50.01
1334.643	 50.01
1335.143	 50.01
1335.643	 50.00
1336.143	 50.00
1336.643	 50.00
1337.143	 50.00
1337.643	 50.00
1338.143	 50.01
1338.643	 50.00
1339.143	 50.00
1339.643	 50.00
1340.143	 50.00
1340.643	 47.85
1341.143	 43.88
1341.643	 40.50
1342.143	 36.97
1342.643	 33.55
1343.143	 30.07
1343.643	 26.44
1344.143	 23.08
1344.643	 19.54
1345.143	 16.12
1345.643	 14.04
1346.143	 14.84
1346.643	 14.99
1347.143	 14.97
1347.643	 14.98
1348.143	 14.98
1348.643	 14.99
1349.143	 15.00
1349.643	 14.98
1350.143	 14.99
1350.643	 15.00
1351.143	 14.98
1351.643	 15.00
1352.143	 15.01
1352.643	 15.00
1352.827	 15.00
1353.327	 18.21
1353.827	 21.87
1354.327	 25.40
1354.827	 28.95
1355.327	 32.28
1355.827	 35.92
1356.327	 39.39
1356.827	 42.82
1357.327	 46.44
1357.827	 49.82
1358.327	 50.09
1358.827	 50.03
1359.327	 50.01
1359.827	 50.00
1360.327	 50.01
1360.827	 50.00
1361.327	 50.00
1361.827	 50.00
1362.327	 50.01
1362.827	 50.01
1363.327	 50.00
1363.827	 50.01
1364.327	 49.99
1364.827	 50.00
1365.327	 50.00
1365.827	 47.88
1366.327	 43.89
1366.827	 40.53
1367.327	 36.96
1367.827	 33.56
1368.327	 30.08
1368.827	 26.46
1369.327	 23.09
1369.827	 19.56
1370.327	 16.14
1370.827	 14.04
1371.327	 14.84
1371.827	 15.00
1372.327	 14.97
1372.827	 14.98
1373.327	 14.99
1373.827	 14.98
1374.327	 14.99
1374.827	 14.99
1375.327	 15.00
1375.827	 14.99
1376.327	 15.00
1376.827	 14.99
1377.327	 15.00
1377.827	 15.00
1378.010	 14.99
1378.510	 18.21
1379.011	 21.88
1379.510	 25.44
1380.010	 28.95
1380.511	 32.29
1381.010	 35.92
1381.511	 39.40
1382.011	 42.82
1382.510	 46.44
1383.011	 49.84
1383.511	 50.09
1384.011	 50.02
1384.511	 50.00
1385.011	 50.02
1385.511	 49.99
1386.010	 50.00
1386.511	 50.00
1387.011	 50.00
1387.511	 50.01
1388.011	 50.00
1388.511	 50.00
1389.011	 50.00
1389.511	 50.00
1390.011	 50.00
1390.511	 49.99
1391.011	 47.86
1391.511	 43.88
1392.011	 40.51
1392.511	 36.96
1393.011	 33.55
1393.511	 30.07
1394.011	 26.43
1394.511	 23.08
1395.011	 19.48
1395.511	 16.09
1396.011	 14.04
1396.511	 14.81
1397.011	 15.00
1397.511	 14.98
1398.011	 14.98
1398.511	 14.99
1399.011	 14.99
1399.511	 14.99
1400.011	 14.98
1400.511	 14.99
1401.011	 14.99
1401.511	 14.99
1402.011	 14.99
1402.511	 14.99
1403.011	 14.99
1403.194	 15.00
1403.694	 18.21
1404.195	 21.85
1404.694	 25.40
1405.194	 28.93
1405.694	 32.27
1406.194	 35.91
1406.694	 39.38
1407.195	 42.81
1407.695	 46.43
1408.194	 49.83
1408.695	 50.09
1409.195	 50.01
1409.694	 50.01
1410.195	 50.02
1410.695	 50.01
1411.194	 50.00
1411.695	 49.99
1412.195	 50.01
1412.694	 50.01
1413.195	 50.01
1413.695	 50.00
1414.195	 50.00
1414.695	 50.01
1415.195	 50.00
1415.695	 49.99
1416.195	 47.87
1416.695	 43.89
1417.195	 40.50
1417.695	 36.96
1418.195	 33.55
1418.695	 30.07
1419.195	 26.42
1419.695	 23.08
1420.195	 19.50
1420.695	 16.12
1421.195	 14.03
1421.695	 14.81
1422.195	 15.01
1422.695	 14.98
1423.195	 14.98
1423.695	 14.98
1424.195	 14.99
1424.695	 14.98
1425.195	 14.98
1425.695	 15.00
1426.195	 14.98
1426.695	 14.99
1427.195	 14.99
1427.695	 15.00
1428.195	 14.98
1428.378	 15.00
1428.878	 18.20
1429.378	 21.87
1429.878	 25.42
1430.378	 28.93
1430.878	 32.27
1431.378	 35.91
1431.878	 39.38
1432.378	 42.80
1432.878	 46.43
1433.378	 49.81
1433.878	 50.09
1434.378	 50.02
1434.878	 50.01
1435.378	 50.01
1435.878	 50.01
1436.378	 50.00
1436.878	 50.00
1437.378	 50.01
1437.879	 50.00
1438.378	 50.01
1438.878	 50.00
1439.378	 50.00
1439.878	 50.00
1440.378	 50.00
1440.878	 50.00
1441.378	 47.89
1441.878	 43.90
1442.378	 40.51
1442.878	 36.96
1443.378	 33.54
1443.878	 30.07
1444.379	 26.43
1444.878	 23.09
1445.378	 19.53
1445.879	 16.13
1446.378	 14.03
1446.879	 14.81
1447.379	 15.01
1447.878	 14.97
1448.379	 14.97
1448.879	 14.98
1449.378	 14.98
1449.879	 14.98
1450.379	 14.99
1450.878	 14.99
1451.379	 14.99
1451.879	 15.00
1452.379	 14.99
1452.879	 14.99
1453.379	 14.99
1453.562	 14.99
1454.062	 18.20
1454.562	 21.88
1455.062	 25.43
1455.562	 28.95
1456.062	 32.28
1456.562	 35.91
1457.062	 39.39
1457.562	 42.81
1458.062	 46.43
1458.562	 49.81
1459.062	 50.08
1459.562	 50.02
1460.062	 50.01
1460.562	 50.01
1461.062	 50.01
1461.562	 50.00
1462.062	 50.01
1462.562	 50.01
1463.062	 50.00
1463.562	 50.00
1464.062	 50.00
1464.562	 50.00
1465.062	 50.00
1465.562	 50.00
1466.062	 50.00
1466.562	 47.88
1467.062	 43.88
1467.562	 40.51
1468.062	 36.96
1468.562	 33.54
1469.062	 30.07
1469.562	 26.45
1470.062	 23.09
1470.562	 19.54
1471.062	 16.13
1471.562	 14.03
1472.062	 14.80
1472.562	 15.01
1473.062	 14.97
1473.562	 14.99
1474.062	 14.97
1474.562	 14.98
1475.062	 15.00
1475.562	 14.99
1476.062	 14.99
1476.562	 14.99
1477.062	 14.99
1477.562	 15.00
1478.062	 14.99
1478.562	 14.99
1478.746	 14.99
1479.246	 18.20
1479.746	 21.87
1480.246	 25.41
1480.746	 28.94
1481.246	 32.26
1481.746	 35.90
1482.246	 39.38
1482.746	 42.81
1483.246	 46.44
1483.746	 49.81
1484.246	 50.09
1484.746	 50.02
1485.246	 50.02
1485.746	 50.02
1486.246	 50.01
1486.746	 50.00
1487.246	 50.01
1487.746	 50.00
1488.246	 50.00
1488.746	 50.01
1489.246	 50.00
1489.746	 50.01
1490.246	 50.01
1490.746	 50.00
1491.246	 50.01
1491.746	 47.87
1492.246	 43.88
1492.746	 40.49
1493.246	 36.96
1493.746	 33.54
1494.246	 30.07
1494.746	 26.43
1495.246	 23.09
1495.746	 19.52
1496.246	 16.12
1496.746	 14.03
1497.246	 14.80
1497.746	 15.00
1498.246	 14.98
1498.746	 14.98
1499.246	 14.98
1499.746	 14.99
1500.246	 14.99
1500.746	 15.01
1501.246	 15.00
1501.746	 15.00
1502.246	 15.00
1502.746	 15.00
1503.246	 14.98
1503.746	 15.01
1503.930	 14.99
1504.429	 18.20
1504.930	 21.86
1505.430	 25.47
1505.930	 28.95
1506.430	 32.29
1506.930	 35.91
1507.430	 39.40
1507.930	 42.82
1508.430	 46.43
1508.930	 49.81
1509.430	 50.09
1509.930	 50.01
1510.430	 50.01
1510.930	 50.01
1511.430	 50.00
1511.930	 50.00
1512.430	 50.00
1512.930	 50.01
1513.430	 50.00
1513.930	 50.00
1514.430	 50.00
1514.930	 50.00
1515.430	 50.00
1515.930	 50.00
1516.430	 50.00
1516.930	 48.08
1517.430	 44.03
1517.930	 40.64
1518.430	 37.14
1518.930	 33.71
1519.430	 30.13
1519.930	 26.69
1520.430	 23.22
1520.930	 19.76
1521.430	 16.24
1521.930	 14.02
1522.430	 14.74
1522.930	 15.01
1523.430	 14.98
1523.930	 14.99
1524.430	 14.97
1524.930	 14.98
1525.430	 14.99
1525.930	 15.00
1526.430	 14.98
1526.930	 15.00
1527.430	 14.98
1527.930	 15.00
1528.430	 15.00
1528.930	 15.00
1529.114	 15.00
1529.614	 18.19
1530.114	 21.89
1530.614	 25.49
1531.114	 28.96
1531.614	 32.29
1532.114	 35.92
1532.614	 39.39
1533.114	 42.83
1533.614	 46.43
1534.114	 49.83
1534.614	 50.09
1535.114	 50.02
1535.614	 50.01
1536.114	 50.01
1536.614	 50.00
1537.114	 50.00
1537.614	 50.01
1538.114	 50.01
1538.614	 50.00
1539.114	 50.00
1539.614	 49.99
1540.114	 50.00
1540.614	 50.00
1541.114	 50.00
1541.614	 50.00
1542.114	 47.88
1542.614	 43.87
1543.114	 40.49
1543.614	 36.96
1544.114	 33.55
1544.614	 30.07
1545.114	 26.43
1545.614	 23.09
1546.114	 19.52
1546.614	 16.13
1547.114	 14.02
1547.614	 14.80
1548.114	 15.00
1548.614	 14.97
1549.114	 14.98
1549.614	 14.99
1550.114	 14.98
1550.614	 14.99
1551.114	 14.98
1551.614	 14.99
1552.114	 15.00
1552.614	 14.98
1553.114	 14.99
1553.614	 14.99
1554.114	 15.00
1554.297	 15.00
1554.797	 18.20
1555.297	 21.88
1555.797	 25.45
1556.297	 28.95
1556.797	 32.28
1557.297	 35.91
1557.797	 39.39
1558.297	 42.81
1558.797	 46.43
1559.297	 49.80
1559.797	 50.08
1560.297	 50.02
1560.797	 50.02
1561.298	 50.00
1561.797	 50.00
1562.297	 50.00
1562.798	 50.00
1563.297	 50.01
1563.798	 50.00
1564.298	 50.00
1564.797	 50.00
1565.297	 50.01
1565.798	 50.00
1566.297	 50.01
1566.798	 50.00
1567.298	 47.88
1567.797	 43.87
1568.297	 40.51
1568.798	 36.96
1569.298	 33.54
1569.798	 30.06
1570.298	 26.43
1570.798	 23.08
1571.298	 19.54
1571.798	 16.11
1572.298	 14.03
1572.798	 14.82
1573.298	 14.98
1573.798	 14.97
1574.298	 14.98
1574.798	 14.99
1575.298	 14.99
1575.798	 14.99
1576.298	 14.98
1576.798	 15.00
1577.298	 14.99
1577.798	 14.99
1578.298	 15.00
1578.798	 15.00
1579.298	 14.99
1579.481	 15.00
1579.981	 18.19
1580.481	 21.88
1580.981	 25.46
1581.481	 28.97
1581.981	 32.31
1582.481	 35.92
1582.981	 39.39
1583.481	 42.82
1583.981	 46.43
1584.481	 49.82
1584.981	 50.08
1585.481	 50.02
1585.981	 50.02
1586.481	 50.01
1586.981	 50.00
1587.481	 50.00
1587.981	 50.01
1588.481	 50.00
1588.981	 50.00
1589.481	 50.00
1589.981	 50.00
1590.481	 50.00
1590.981	 50.00
1591.481	 50.00
1591.981	 50.01
1592.482	 47.88
1592.981	 43.88
1593.481	 40.51
1593.981	 36.97
1594.482	 33.54
1594.981	 30.07
1595.481	 26.43
1595.982	 23.08
1596.481	 19.50
1596.981	 16.12
1597.481	 14.03
1597.981	 14.79
1598.481	 15.00
1598.981	 14.98
1599.481	 14.98
1599.981	 15.00
1600.482	 14.99
1600.982	 14.99
1601.481	 14.99
1601.982	 14.99
1602.481	 14.99
1602.981	 15.00
1603.482	 15.00
1603.982	 14.99
1604.481	 14.99
1604.665	 15.00
1605.165	 18.21
1605.665	 21.89
1606.165	 25.48
1606.665	 28.97
1607.165	 32.31
1607.665	 35.93
1608.165	 39.39
1608.665	 42.83
1609.165	 46.44
1609.665	 49.83
1610.165	 50.09
1610.665	 50.02
1611.165	 50.01
1611.665	 50.01
1612.165	 50.02
1612.665	 50.00
1613.165	 50.01
1613.665	 50.01
1614.165	 50.00
1614.665	 50.00
1615.165	 50.00
1615.665	 50.00
1616.165	 50.01
1616.665	 50.00
1617.165	 50.00
1617.665	 47.89
1618.165	 43.89
1618.665	 40.51
1619.165	 36.96
1619.665	 33.54
1620.165	 30.06
1620.665	 26.41
1621.165	 23.08
1621.665	 19.50
1622.165	 16.12
1622.665	 14.03
1623.165	 14.81
1623.665	 15.00
1624.165	 14.97
1624.665	 14.98
1625.165	 14.98
1625.665	 14.99
1626.166	 14.99
1626.665	 14.98
1627.165	 14.98
1627.665	 14.99
1628.165	 14.99
1628.665	 14.99
1629.166	 14.99
1629.665	 14.99
1629.849	 15.00
1630.349	 18.19
1630.849	 21.87
1631.349	 25.47
1631.849	 28.96
1632.349	 32.30
1632.849	 35.91
1633.349	 39.38
1633.849	 42.81
1634.349	 46.43
1634.849	 49.80
1635.349	 50.08
1635.849	 50.03
1636.349	 50.02
1636.849	 50.01
1637.349	 50.00
1637.849	 50.00
1638.349	 50.00
1638.849	 50.00
1639.349	 50.01
1639.849	 50.01
1640.349	 50.00
1640.849	 50.00
1641.349	 50.00
1641.849	 49.99
1642.349	 50.00
1642.849	 47.89
1643.349	 43.89
1643.849	 40.50
1644.349	 36.96
1644.849	 33.54
1645.349	 30.06
1645.849	 26.42
1646.349	 23.07
1646.849	 19.50
1647.349	 16.12
1647.849	 14.03
1648.349	 14.82
1648.849	 15.01
1649.349	 14.96
1649.849	 14.98
1650.349	 14.99
1650.849	 14.98
1651.349	 14.99
1651.849	 15.00
1652.349	 15.00
1652.849	 14.99
1653.349	 14.99
1653.849	 15.00
1654.349	 14.98
1654.849	 15.00
1655.033	 15.01
1655.533	 18.18
1656.033	 21.86
1656.533	 25.42
1657.033	 28.96
1657.533	 32.29
1658.033	 35.92
1658.533	 39.40
1659.033	 42.81
1659.533	 46.42
1660.033	 49.81
1660.533	 50.09
1661.033	 50.03
1661.533	 50.01
1662.033	 50.01
1662.533	 50.00
1663.033	 50.00
1663.533	 50.00
1664.033	 50.01
1664.533	 49.99
1665.033	 50.00
1665.533	 50.00
1666.033	 50.00
1666.533	 49.99
1667.033	 50.00
1667.533	 49.99
1668.033	 47.88
1668.533	 43.89
1669.033	 40.51
1669.533	 36.96
1670.033	 33.54
1670.533	 30.07
1671.033	 26.42
1671.533	 23.08
1672.033	 19.50
1672.533	 16.13
1673.033	 14.03
1673.533	 14.79
1674.033	 15.01
1674.533	 14.97
1675.033	 14.97
1675.533	 14.98
1676.033	 14.99
1676.533	 14.98
1677.033	 14.99
1677.533	 14.99
1678.033	 15.00
1678.533	 15.00
1679.033	 15.00
1679.533	 15.00
1680.033	 14.99
1680.216	 15.00
1680.716	 18.18
1681.217	 21.85
1681.716	 25.39
1682.216	 28.95
1682.717	 32.29
1683.216	 35.92
1683.716	 39.38
1684.217	 42.81
1684.716	 46.42
1685.217	 49.80
1685.717	 50.09
1686.216	 50.02
1686.717	 50.01
1687.217	 50.01
1687.717	 50.00
1688.217	 50.01
1688.717	 50.01
1689.217	 50.01
1689.717	 50.00
1690.217	 50.00
1690.717	 50.00
1691.217	 50.00
1691.717	 50.00
1692.217	 50.01
1692.717	 50.01
1693.217	 47.88
1693.717	 43.88
1694.217	 40.51
1694.717	 36.96
1695.217	 33.54
1695.717	 30.07
1696.217	 26.42
1696.717	 23.09
1697.217	 19.53
1697.717	 16.13
1698.217	 14.03
1698.717	 14.81
1699.217	 15.01
1699.717	 14.98
1700.217	 14.98
1700.717	 14.97
1701.217	 15.00
1701.717	 14.98
1702.217	 14.99
1702.717	 15.01
1703.217	 14.99
1703.717	 15.00
1704.217	 15.00
1704.717	 14.99
1705.217	 14.99
1705.401	 15.00
1705.900	 18.18
1706.401	 21.85
1706.900	 25.40
1707.400	 28.95
1707.900	 32.31
1708.400	 35.93
1708.900	 39.40
1709.401	 42.82
1709.900	 46.42
1710.400	 49.80
1710.901	 50.08
1711.400	 50.02
1711.901	 50.02
1712.401	 50.01
1712.901	 50.01
1713.400	 50.01
1713.901	 50.01
1714.401	 50.00
1714.901	 50.00
1715.401	 50.00
1715.901	 50.01
1716.400	 49.99
1716.901	 50.00
1717.401	 49.99
1717.901	 50.00
1718.401	 47.88
1718.901	 43.89
1719.401	 40.50
1719.901	 36.96
1720.401	 33.54
1720.901	 30.07
1721.401	 26.43
1721.901	 23.08
1722.401	 19.52
1722.901	 16.12
1723.401	 14.03
1723.901	 14.82
1724.401	 15.01
1724.901	 14.98
1725.401	 14.97
1725.901	 14.99
1726.401	 14.99
1726.901	 14.98
1727.401	 14.99
1727.901	 14.99
1728.401	 14.99
1728.901	 14.99
1729.401	 14.99
1729.901	 14.99
1730.401	 15.01
1730.584	 15.00
1731.084	 18.18
1731.584	 21.86
1732.084	 25.44
1732.584	 28.95
1733.084	 32.29
1733.584	 35.93
1734.085	 39.40
1734.584	 42.83
1735.084	 46.42
1735.585	 49.80
1736.084	 50.08
1736.584	 50.02
1737.084	 50.01
1737.584	 50.01
1738.084	 50.01
1738.584	 50.00
1739.084	 50.00
1739.584	 50.01
1740.084	 50.00
1740.584	 50.00
1741.084	 50.00
1741.584	 50.00
1742.084	 50.01
1742.584	 50.01
1743.084	 50.00
1743.584	 47.88
1744.084	 43.89
1744.584	 40.51
1745.084	 36.96
1745.584	 33.54
1746.085	 30.07
1746.584	 26.42
1747.084	 23.08
1747.585	 19.51
1748.084	 16.13
1748.584	 14.03
1749.085	 14.80
1749.584	 15.00
1750.084	 14.97
1750.585	 14.97
1751.085	 14.98
1751.585	 14.99
1752.085	 14.98
1752.585	 14.98
1753.084	 15.00
1753.585	 14.99
1754.085	 15.00
1754.585	 15.00
1755.085	 14.99
1755.585	 15.00
1755.768	 15.00
1756.268	 18.19
1756.768	 21.85
1757.268	 25.44
1757.768	 28.95
1758.268	 32.30
1758.768	 35.93
1759.268	 39.40
1759.768	 42.82
1760.268	 46.43
1760.768	 49.79
1761.268	 50.09
1761.768	 50.02
1762.268	 50.02
1762.768	 50.01
1763.268	 50.01
1763.768	 50.00
1764.268	 50.00
1764.768	 50.01
1765.268	 49.99
1765.768	 49.99
1766.268	 50.00
1766.768	 50.01
1767.268	 50.01
1767.768	 50.00
1768.268	 49.99
1768.768	 47.88
1769.268	 43.88
1769.768	 40.52
1770.268	 36.96
1770.768	 33.54
1771.268	 30.07
1771.768	 26.44
1772.268	 23.08
1772.768	 19.52
1773.268	 16.13
1773.768	 14.03
1774.268	 14.83
1774.768	 15.00
1775.268	 14.98
1775.768	 14.98
1776.268	 15.00
1776.768	 14.98
1777.268	 14.99
1777.768	 14.99
1778.268	 14.99
1778.768	 14.99
1779.268	 15.00
1779.768	 14.99
1780.268	 14.99
1780.768	 15.00
1780.952	 15.00
1781.452	 18.20
1781.952	 21.86
1782.452	 25.44
1782.952	 28.96
1783.452	 32.30
1783.952	 35.93
1784.452	 39.40
1784.952	 42.84
1785.452	 46.44
1785.952	 49.81
1786.452	 50.09
1786.952	 50.01
1787.452	 50.02
1787.952	 50.01
1788.452	 50.00
1788.952	 50.00
1789.452	 50.00
1789.952	 50.02
1790.452	 50.01
1790.952	 50.02
1791.452	 50.00
1791.952	 50.00
1792.452	 50.01
1792.952	 50.00
1793.452	 50.00
1793.952	 47.88
1794.452	 43.89
1794.952	 40.53
1795.452	 36.96
1795.952	 33.55
1796.452	 30.07
1796.952	 26.45
1797.452	 23.09
1797.952	 19.49
1798.452	 16.11
1798.952	 14.03
1799.452	 14.82
1799.952	 15.00
1800.452	 14.98
1800.952	 14.97
1801.452	 14.98
1801.952	 14.98
1802.452	 14.99
1802.952	 14.99
1803.452	 14.99
1803.952	 14.99
1804.452	 14.99
1804.952	 14.99
1805.452	 14.99
1805.952	 14.98
1806.136	 15.00
1806.636	 18.18
1807.136	 21.85
1807.636	 25.38
1808.136	 28.94
1808.636	 32.28
1809.136	 35.91
1809.636	 39.39
1810.136	 42.82
1810.636	 46.43
1811.136	 49.80
1811.636	 50.08
1812.136	 50.01
1812.636	 50.01
1813.136	 50.00
1813.636	 50.00
1814.136	 50.00
1814.636	 50.01
1815.136	 50.00
1815.636	 50.00
1816.136	 50.00
1816.636	 50.00
1817.136	 49.99
1817.636	 50.00
1818.136	 50.00
1818.636	 50.00
1819.136	 47.89
1819.636	 43.90
1820.136	 40.52
1820.636	 36.96
1821.136	 33.54
1821.636	 30.07
1822.136	 26.41
1822.636	 23.07
1823.136	 19.50
1823.636	 16.12
1824.136	 14.03
1824.636	 14.82
1825.136	 15.00
1825.636	 14.97
1826.136	 14.97
1826.636	 14.98
1827.136	 14.98
1827.636	 14.99
1828.136	 14.99
1828.636	 15.01
1829.136	 14.98
1829.636	 14.99
1830.136	 14.99
1830.636	 14.99
1831.136	 14.99
1831.320	 15.01
1831.819	 18.19
1832.320	 21.85
1832.820	 25.39
1833.320	 28.94
1833.820	 32.28
1834.320	 35.92
1834.820	 39.39
1835.320	 42.83
1835.820	 46.43
1836.320	 49.81
1836.820	 50.08
1837.320	 50.02
1837.820	 50.02
1838.320	 50.01
1838.820	 50.01
1839.320	 50.01
1839.820	 50.01
1840.320	 50.01
1840.820	 50.01
1841.320	 50.01
1841.820	 49.99
1842.320	 50.00
1842.820	 49.99
1843.320	 50.00
1843.820	 50.00
1844.320	 47.88
1844.820	 43.89
1845.320	 40.50
1845.820	 36.96
1846.320	 33.54
1846.820	 30.06
1847.320	 26.41
1847.820	 23.08
1848.320	 19.48
1848.820	 16.12
1849.320	 14.03
1849.820	 14.83
1850.320	 15.01
1850.820	 14.98
1851.320	 14.99
1851.820	 14.98
1852.320	 14.99
1852.820	 14.98
1853.320	 14.98
1853.820	 15.01
1854.320	 14.99
1854.820	 14.99
1855.320	 14.99
1855.820	 14.99
1856.320	 14.98
1856.503	 14.99
1857.003	 18.19
1857.503	 21.85
1858.003	 25.40
1858.503	 28.95
1859.003	 32.28
1859.504	 35.92
1860.003	 39.39
1860.503	 42.83
1861.003	 46.43
1861.503	 49.83
1862.003	 50.09
1862.503	 50.04
1863.003	 50.02
1863.503	 50.00
1864.003	 50.00
1864.504	 50.01
1865.003	 50.00
1865.503	 50.01
1866.004	 50.00
1866.503	 50.00
1867.004	 50.00
1867.504	 50.00
1868.003	 50.00
1868.504	 50.01
1869.004	 50.00
1869.503	 47.87
1870.004	 43.88
1870.504	 40.51
1871.003	 36.96
1871.504	 33.54
1872.004	 30.07
1872.503	 26.44
1873.004	 23.08
1873.504	 19.53
1874.003	 16.13
1874.504	 14.03
1875.004	 14.82
1875.504	 14.99
1876.004	 14.97
1876.504	 14.98
1877.004	 15.00
1877.504	 14.98
1878.004	 14.98
1878.504	 15.00
1879.004	 14.98
1879.504	 14.99
1880.004	 14.99
1880.504	 15.00
1881.004	 15.00
1881.504	 15.00
1881.687	 15.00
1882.187	 18.20
1882.687	 21.86
1883.187	 25.41
1883.687	 28.93
1884.187	 32.27
1884.687	 35.91
1885.187	 39.38
1885.687	 42.83
1886.187	 46.45
1886.687	 49.84
1887.187	 50.09
1887.687	 50.03
1888.187	 50.01
1888.687	 50.00
1889.187	 50.00
1889.688	 50.00
1890.187	 50.01
1890.687	 50.01
1891.188	 50.01
1891.687	 50.00
1892.187	 50.00
1892.688	 50.01
1893.187	 50.01
1893.687	 50.00
1894.188	 50.00
1894.687	 47.87
1895.188	 43.88
1895.688	 40.51
1896.187	 36.96
1896.687	 33.54
1897.188	 30.07
1897.687	 26.43
1898.188	 23.08
1898.688	 19.51
1899.188	 16.12
1899.688	 14.04
1900.188	 14.81
1900.688	 14.99
1901.188	 14.96
1901.688	 14.98
1902.188	 14.99
1902.688	 14.99
1903.188	 14.99
1903.688	 14.99
1904.188	 15.00
1904.688	 15.00
1905.188	 14.99
1905.688	 15.00
1906.188	 14.98
1906.688	 15.00
1906.871	 14.99
1907.371	 18.21
1907.871	 21.87
1908.371	 25.38
1908.871	 28.95
1909.371	 32.30
1909.871	 35.92
1910.371	 39.39
1910.871	 42.82
1911.371	 46.44
1911.871	 49.83
1912.371	 50.08
1912.871	 50.02
1913.371	 50.02
1913.871	 50.01
1914.371	 50.00
1914.871	 50.01
1915.371	 50.00
1915.871	 50.01
1916.371	 50.00
1916.871	 50.00
1917.371	 50.00
1917.871	 50.00
1918.371	 50.00
1918.871	 50.01
1919.371	 50.00
1919.871	 47.87
1920.371	 43.87
1920.871	 40.51
1921.372	 36.96
1921.871	 33.54
1922.371	 30.07
1922.871	 26.43
1923.371	 23.08
1923.871	 19.53
1924.371	 16.14
1924.872	 14.03
1925.371	 14.80
1925.871	 15.00
1926.371	 14.97
1926.871	 14.99
1927.371	 14.98
1927.871	 14.99
1928.371	 14.99
1928.871	 14.99
1929.371	 15.00
1929.871	 14.99
1930.372	 15.00
1930.871	 15.00
1931.371	 14.99
1931.872	 15.00
1932.055	 14.99
1932.555	 18.21
1933.055	 21.86
1933.555	 25.40
1934.055	 28.94
1934.555	 32.27
1935.055	 35.90
1935.555	 39.39
1936.055	 42.81
1936.555	 46.43
1937.055	 49.83
1937.555	 50.08
1938.055	 50.02
1938.555	 50.02
1939.055	 50.00
1939.555	 50.01
1940.055	 50.00
1940.555	 50.00
1941.055	 50.01
1941.555	 50.00
1942.055	 50.00
1942.555	 50.00
1943.055	 50.00
1943.555	 50.00
1944.055	 50.01
1944.555	 50.00
1945.055	 47.88
1945.555	 43.89
1946.055	 40.51
1946.555	 36.96
1947.055	 33.54
1947.555	 30.07
1948.055	 26.44
1948.555	 23.09
1949.055	 19.53
1949.555	 16.14
1950.055	 14.03
1950.555	 14.81
1951.055	 15.01
1951.555	 14.97
1952.055	 14.98
1952.555	 14.99
1953.055	 14.99
1953.555	 14.98
1954.055	 14.99
1954.555	 15.00
1955.055	 14.99
1955.555	 15.00
1956.055	 14.99
1956.555	 14.99
1957.055	 15.00
1957.239	 15.01
1957.739	 18.21
1958.239	 21.88
1958.739	 25.46
1959.239	 28.94
1959.739	 32.27
1960.239	 35.91
1960.739	 39.39
1961.239	 42.81
1961.739	 46.42
1962.239	 49.80
1962.739	 50.09
1963.239	 50.02
1963.739	 50.00
1964.239	 50.00
1964.739	 50.01
1965.239	 50.00
1965.739	 50.01
1966.239	 50.00
1966.739	 50.01
1967.239	 49.99
1967.739	 50.01
1968.239	 50.00
1968.739	 50.01
1969.239	 50.00
1969.739	 49.99
1970.239	 47.86
1970.739	 43.87
1971.239	 40.50
1971.739	 36.96
1972.239	 33.53
1972.739	 30.06
1973.239	 26.43
1973.739	 23.08
1974.239	 19.50
1974.739	 16.10
1975.239	 14.03
1975.739	 14.83
1976.239	 15.00
1976.739	 14.97
1977.239	 14.98
1977.739	 15.00
1978.239	 14.98
1978.739	 14.98
1979.239	 14.99
1979.739	 14.99
1980.239	 14.99
1980.739	 15.00
1981.239	 14.99
1981.739	 15.00
1982.239	 14.99
1982.423	 15.00
1982.922	 18.20
1983.422	 21.88
1983.923	 25.47
1984.422	 28.95
1984.922	 32.29
1985.423	 35.92
1985.922	 39.39
1986.422	 42.82
1986.923	 46.44
1987.423	 49.83
1987.922	 50.09
1988.423	 50.02
1988.923	 50.01
1989.422	 50.01
1989.923	 50.00
1990.423	 50.00
1990.922	 50.00
1991.423	 50.01
1991.923	 50.01
1992.423	 50.00
1992.923	 50.01
1993.423	 50.00
1993.923	 50.01
1994.423	 50.01
1994.923	 49.99
1995.423	 47.87
1995.923	 43.88
1996.423	 40.50
1996.923	 36.96
1997.423	 33.54
1997.923	 30.06
1998.423	 26.41
1998.923	 23.07
1999.423	 19.49
1999.923	 16.11
2000.423	 14.03
2000.923	 14.82
2001.423	 15.00
2001.923	 14.99
2002.423	 14.99
2002.923	 14.98
2003.423	 14.98
2003.923	 14.98
2004.423	 14.99
2004.923	 15.00
2005.423	 14.99
2005.923	 14.99
2006.423	 14.99
2006.923	 15.00
2007.423	 15.00
2007.606	 15.00
2008.106	 18.19
2008.606	 21.86
2009.106	 25.40
2009.606	 28.93
2010.106	 32.24
2010.606	 35.90
2011.106	 39.38
2011.606	 42.81
2012.106	 46.42
2012.606	 49.79
2013.106	 50.08
2013.606	 50.02
2014.106	 50.01
2014.606	 50.01
2015.106	 50.00
2015.606	 50.00
2016.106	 50.01
2016.606	 50.00
2017.106	 50.01
2017.606	 50.00
2018.106	 50.00
2018.606	 50.00
2019.107	 50.01
2019.606	 50.00
2020.106	 50.00
2020.606	 47.87
2021.106	 43.87
2021.606	 40.46
2022.107	 36.96
2022.606	 33.53
2023.106	 30.05
2023.607	 26.40
2024.106	 23.07
2024.606	 19.49
2025.107	 16.10
2025.606	 14.03
2026.106	 14.83
2026.607	 14.99
2027.106	 14.98
2027.607	 14.98
2028.107	 14.98
2028.607	 14.99
2029.106	 15.00
2029.607	 14.99
2030.107	 14.99
2030.607	 15.00
2031.107	 15.00
2031.607	 15.00
2032.107	 15.00
2032.607	 15.01
2032.790	 15.00
2033.290	 18.19
2033.790	 21.86
2034.290	 25.46
2034.790	 28.95
2035.290	 32.29
2035.790	 35.90
2036.290	 39.38
2036.790	 42.81
2037.290	 46.42
2037.790	 49.80
2038.290	 50.09
2038.790	 50.02
2039.290	 50.00
2039.790	 50.01
2040.290	 50.01
2040.790	 50.00
2041.290	 50.00
2041.790	 50.01
2042.290	 50.00
2042.790	 50.01
2043.290	 49.99
2043.790	 50.00
2044.291	 49.99
2044.790	 50.00
2045.290	 50.01
2045.790	 47.89
2046.290	 43.87
2046.790	 40.49
2047.290	 36.96
2047.790	 33.54
2048.290	 30.06
2048.791	 26.43
2049.291	 23.09
2049.790	 19.55
2050.291	 16.13
2050.791	 14.03
2051.290	 14.83
2051.790	 15.01
2052.291	 14.96
2052.790	 14.98
2053.291	 14.98
2053.791	 14.98
2054.290	 14.97
2054.791	 14.98
2055.291	 14.99
2055.790	 15.00
2056.291	 15.00
2056.791	 14.99
2057.291	 14.99
2057.791	 15.00
2057.974	 15.00
2058.474	 18.20
2058.974	 21.86
2059.474	 25.44
2059.974	 28.94
2060.474	 32.27
2060.974	 35.91
2061.474	 39.38
2061.974	 42.81
2062.474	 46.43
2062.974	 49.82
2063.474	 50.08
2063.974	 50.02
2064.474	 50.01
2064.974	 50.01
2065.474	 50.00
2065.974	 50.01
2066.474	 50.00
2066.974	 50.01
2067.474	 50.00
2067.974	 50.00
2068.474	 50.00
2068.974	 50.00
2069.474	 50.00
2069.974	 50.01
2070.474	 49.99
2070.974	 47.88
2071.474	 43.88
2071.974	 40.50
2072.474	 36.96
2072.974	 33.54
2073.474	 30.07
2073.974	 26.44
2074.474	 23.09
2074.974	 19.55
2075.474	 16.14
2075.974	 14.03
2076.474	 14.83
2076.974	 15.00
2077.474	 14.99
2077.974	 14.99
2078.474	 14.99
2078.974	 14.99
2079.474	 14.99
2079.974	 14.99
2080.474	 14.99
2080.974	 14.98
2081.474	 15.00
2081.974	 14.99
2082.474	 15.00
2082.974	 15.00
2083.158	 14.99
2083.658	 18.20
2084.158	 21.86
2084.658	 25.41
2085.158	 28.94
2085.658	 32.26
2086.158	 35.92
2086.658	 39.39
2087.158	 42.81
2087.658	 46.44
2088.158	 49.82
2088.658	 50.09
2089.158	 50.02
2089.658	 50.01
2090.158	 50.02
2090.658	 50.01
2091.158	 50.01
2091.658	 50.00
2092.158	 50.01
2092.658	 50.00
2093.158	 50.01
2093.658	 50.01
2094.158	 50.00
2094.658	 50.00
2095.158	 50.00
2095.658	 50.00
2096.158	 47.87
2096.658	 43.88
2097.158	 40.51
2097.658	 36.96
2098.158	 33.53
2098.658	 30.06
2099.158	 26.43
2099.658	 23.08
2100.158	 19.53
2100.658	 16.12
2101.158	 14.04
2101.658	 14.81
2102.158	 15.00
2102.658	 14.98
2103.158	 14.98
2103.658	 14.98
2104.158	 14.99
2104.658	 15.00
2105.158	 14.99
2105.658	 14.99
2106.159	 14.98
2106.658	 15.00
2107.158	 14.99
2107.658	 14.99
2108.158	 15.00
2108.342	 15.00
2108.842	 18.20
2109.341	 21.86
2109.842	 25.44
2110.342	 28.95
2110.842	 32.29
2111.342	 35.92
2111.842	 39.39
2112.342	 42.81
2112.842	 46.42
2113.342	 49.80
2113.842	 50.09
2114.342	 50.01
2114.842	 50.01
2115.342	 50.01
2115.842	 50.01
2116.342	 50.00
2116.842	 50.00
2117.342	 50.01
2117.842	 50.00
2118.342	 50.00
2118.842	 50.00
2119.342	 50.01
2119.842	 50.00
2120.342	 50.00
2120.842	 50.00
2121.342	 47.88
2121.842	 43.89
2122.342	 40.53
2122.842	 36.96
2123.342	 33.54
2123.842	 30.07
2124.342	 26.44
2124.842	 23.09
2125.342	 19.56
2125.842	 16.13
2126.342	 14.03
2126.842	 14.81
2127.342	 15.00
2127.842	 14.96
2128.342	 14.98
2128.842	 14.99
2129.342	 14.98
2129.842	 14.99
2130.342	 14.99
2130.842	 14.98
2131.342	 14.98
2131.842	 14.99
2132.342	 15.00
2132.842	 15.00
2133.342	 15.00
2133.526	 14.98
2134.026	 18.23
2134.525	 21.88
2135.026	 25.50
2135.526	 28.98
2136.026	 32.31
2136.526	 35.92
2137.026	 39.39
2137.526	 42.82
2138.026	 46.44
2138.526	 49.81
2139.026	 50.09
2139.526	 50.03
2140.026	 50.01
2140.526	 50.01
2141.026	 50.00
2141.526	 50.01
2142.026	 50.01
2142.526	 50.01
2143.026	 50.01
2143.526	 50.00
2144.026	 50.00
2144.526	 50.00
2145.026	 50.00
2145.526	 50.00
2146.026	 50.00
2146.526	 47.88
2147.026	 43.89
2147.526	 40.50
2148.026	 36.96
2148.526	 33.55
2149.026	 30.06
2149.526	 26.44
2150.026	 23.09
2150.526	 19.56
2151.026	 16.15
2151.526	 14.03
2152.026	 14.81
2152.526	 15.00
2153.026	 14.98
2153.526	 14.98
2154.026	 14.98
2154.526	 14.98
2155.026	 14.99
2155.526	 15.00
2156.026	 14.99
2156.526	 15.01
2157.026	 14.98
2157.526	 14.99
2158.026	 14.99
2158.526	 15.00
2158.709	 14.99
2159.209	 18.21
2159.709	 21.88
2160.209	 25.46
2160.709	 28.96
2161.209	 32.29
2161.709	 35.92
2162.209	 39.38
2162.710	 42.81
2163.209	 46.43
2163.709	 49.79
2164.210	 50.09
2164.709	 50.02
2165.209	 50.00
2165.710	 50.01
2166.209	 50.01
2166.709	 50.00
2167.210	 50.00
2167.709	 50.01
2168.209	 50.00
2168.710	 50.00
2169.210	 50.01
2169.709	 50.01
2170.210	 50.00
2170.710	 50.01
2171.209	 50.01
2171.710	 47.88
2172.210	 43.89
2172.709	 40.50
2173.210	 36.96
2173.710	 33.54
2174.209	 30.07
2174.710	 26.43
2175.210	 23.08
2175.710	 19.55
2176.210	 16.11
2176.710	 14.03
2177.209	 14.83
2177.710	 15.00
2178.210	 14.98
2178.710	 14.99
2179.210	 14.97
2179.710	 14.98
2180.210	 15.00
2180.710	 14.98
2181.210	 14.98
2181.710	 15.00
2182.210	 14.98
2182.710	 14.99
2183.210	 15.00
2183.710	 14.99
2183.893	 14.98
2184.393	 18.21
2184.893	 21.87
2185.393	 25.46
2185.893	 28.97
2186.393	 32.31
2186.893	 35.92
2187.393	 39.39
2187.893	 42.81
2188.393	 46.43
2188.893	 49.80
2189.393	 50.08
2189.893	 50.03
2190.393	 50.01
2190.893	 50.01
2191.393	 50.01
2191.893	 50.00
2192.394	 49.99
2192.893	 50.01
2193.393	 50.00
2193.893	 50.00
2194.394	 50.00
2194.893	 50.00
2195.394	 50.00
2195.894	 50.00
2196.393	 50.00
2196.894	 47.89
2197.394	 43.88
2197.893	 40.51
2198.394	 36.96
2198.894	 33.54
2199.393	 30.07
2199.894	 26.41
2200.394	 23.08
2200.894	 19.50
2201.394	 16.10
2201.894	 14.03
2202.393	 14.84
2202.894	 15.00
2203.394	 14.99
2203.894	 14.98
2204.394	 14.99
2204.894	 14.98
2205.394	 14.98
2205.894	 14.99
2206.394	 14.99
2206.894	 14.99
2207.394	 14.99
2207.894	 15.00
2208.394	 14.99
2208.894	 14.99
2209.077	 14.98
2209.577	 18.19
2210.078	 21.85
2210.577	 25.44
2211.077	 28.97
2211.577	 32.30
2212.077	 35.92
2212.577	 39.39
2213.077	 42.81
2213.577	 46.42
2214.077	 49.78
2214.577	 50.09
2215.077	 50.02
2215.577	 50.00
2216.077	 50.00
2216.577	 50.00
2217.077	 50.00
2217.577	 50.01
2218.077	 50.00
2218.578	 50.00
2219.077	 49.99
2219.577	 50.00
2220.077	 49.99
2220.577	 50.00
2221.077	 50.00
2221.577	 50.00
2222.077	 47.88
2222.577	 43.89
2223.077	 40.49
2223.577	 36.96
2224.077	 33.54
2224.577	 30.06
2225.077	 26.41
2225.577	 23.08
2226.077	 19.49
2226.577	 16.11
2227.077	 14.03
2227.577	 14.83
2228.077	 14.99
2228.577	 14.97
2229.077	 14.99
2229.577	 14.98
2230.077	 14.98
2230.577	 14.98
2231.077	 14.99
2231.577	 14.98
2232.078	 14.99
2232.577	 14.99
2233.077	 15.00
2233.578	 15.00
2234.077	 14.99
2234.261	 14.98
2234.761	 18.19
2235.261	 21.87
2235.761	 25.47
2236.261	 28.95
2236.761	 32.30
2237.261	 35.92
2237.761	 39.38
2238.261	 42.80
2238.761	 46.42
2239.261	 49.82
2239.761	 50.09
2240.261	 50.02
2240.761	 50.01
2241.261	 50.01
2241.761	 50.01
2242.261	 50.01
2242.761	 50.01
2243.261	 50.00
2243.761	 50.00
2244.261	 50.00
2244.761	 50.00
2245.261	 49.99
2245.761	 50.00
2246.261	 50.00
2246.761	 50.00
2247.261	 47.87
2247.761	 43.89
2248.261	 40.51
2248.761	 36.96
2249.261	 33.54
2249.762	 30.06
2250.261	 26.43
2250.761	 23.08
2251.261	 19.52
2251.761	 16.13
2252.261	 14.04
2252.762	 14.83
2253.261	 14.99
2253.761	 14.98
2254.261	 14.99
2254.761	 14.99
2255.261	 14.98
2255.761	 14.99
2256.261	 15.00
2256.761	 14.98
2257.261	 15.00
2257.761	 15.00
2258.261	 14.99
2258.761	 15.00
2259.261	 14.99
2259.445	 15.00
2259.945	 18.19
2260.445	 21.85
2260.945	 25.40
2261.445	 28.94
2261.945	 32.29
2262.445	 35.93
2262.945	 39.39
2263.445	 42.84
2263.945	 46.43
2264.445	 49.80
2264.945	 50.08
2265.445	 50.03
2265.945	 50.01
2266.445	 50.00
2266.945	 50.01
2267.445	 50.00
2267.945	 50.00
2268.445	 50.01
2268.945	 50.00
2269.445	 50.00
2269.945	 50.00
2270.445	 50.01
2270.945	 50.00
2271.445	 50.00
2271.945	 50.01
2272.445	 47.87
2272.945	 43.88
2273.445	 40.50
2273.945	 36.96
2274.445	 33.54
2274.945	 30.06
2275.445	 26.42
2275.945	 23.08
2276.445	 19.51
2276.945	 16.12
2277.445	 14.03
2277.945	 14.84
2278.445	 15.00
2278.945	 14.98
2279.445	 14.98
2279.945	 14.98
2280.445	 14.99
2280.945	 14.98
2281.445	 14.99
2281.945	 14.98
2282.445	 15.00
2282.945	 14.99
2283.445	 15.00
2283.945	 14.99
2284.445	 14.98
2284.628	 15.00
2285.129	 18.18
2285.629	 21.85
2286.128	 25.41
2286.628	 28.95
2287.129	 32.31
2287.628	 35.93
2288.129	 39.41
2288.629	 42.83
2289.128	 46.43
2289.628	 49.80
2290.129	 50.08
2290.628	 50.02
2291.128	 50.02
2291.629	 50.01
2292.129	 50.00
2292.629	 50.00
2293.129	 50.00
2293.629	 49.99
2294.129	 50.00
2294.629	 50.01
2295.129	 50.00
2295.629	 50.00
2296.129	 50.00
2296.629	 50.00
2297.129	 50.00
2297.629	 47.88
2298.129	 43.89
2298.629	 40.52
2299.129	 36.96
2299.629	 33.54
2300.129	 30.06
2300.629	 26.41
2301.129	 23.08
2301.629	 19.53
2302.129	 16.12
2302.629	 14.03
2303.129	 14.83
2303.629	 15.00
2304.129	 14.97
2304.629	 14.99
2305.129	 14.98
2305.629	 14.98
2306.129	 14.99
2306.629	 14.99
2307.129	 14.99
2307.629	 15.00
2308.129	 15.00
2308.629	 15.00
2309.129	 14.99
2309.629	 14.99
2309.812	 14.99
2310.312	 18.18
2310.812	 21.87
2311.312	 25.45
2311.812	 28.96
2312.312	 32.30
2312.812	 35.93
2313.312	 39.41
2313.812	 42.83
2314.312	 46.43
2314.812	 49.80
2315.312	 50.08
2315.812	 50.02
2316.312	 50.01
2316.812	 50.01
2317.312	 49.99
2317.812	 50.00
2318.312	 50.01
2318.812	 50.02
2319.312	 50.00
2319.812	 50.01
2320.312	 50.01
2320.812	 50.01
2321.312	 50.00
2321.813	 49.99
2322.312	 50.00
2322.812	 47.88
2323.312	 43.89
2323.812	 40.52
2324.312	 36.96
2324.813	 33.55
2325.312	 30.07
2325.812	 26.44
2326.313	 23.09
2326.813	 19.53
2327.312	 16.12
2327.813	 14.04
2328.313	 14.85
2328.812	 15.01
2329.313	 14.97
2329.813	 14.99
2330.312	 14.99
2330.813	 14.99
2331.313	 14.98
2331.813	 14.98
2332.313	 14.98
2332.813	 14.99
2333.312	 15.00
2333.813	 14.99
2334.313	 14.99
2334.813	 14.99
2334.996	 14.99
2335.496	 18.19
2335.996	 21.87
2336.496	 25.42
2336.996	 28.95
2337.496	 32.28
2337.996	 35.92
2338.496	 39.40
2338.996	 42.83
2339.496	 46.44
2339.996	 49.82
2340.496	 50.08
2340.996	 50.02
2341.496	 50.02
2341.996	 50.01
2342.496	 50.01
2342.996	 50.01
2343.496	 50.00
2343.996	 50.00
2344.496	 50.01
2344.996	 50.00
2345.496	 50.00
2345.996	 50.00
2346.496	 50.00
2346.996	 50.00
2347.496	 50.00
2347.997	 47.87
2348.496	 43.87
2348.996	 40.51
2349.496	 36.96
2349.996	 33.54
2350.496	 30.07
2350.996	 26.43
2351.497	 23.08
2351.997	 19.47
2352.496	 16.09
2352.997	 14.04
2353.497	 14.84
2353.996	 15.00
2354.497	 14.97
2354.997	 14.98
2355.496	 14.99
2355.997	 15.00
2356.498	 14.99
2356.996	 15.00
2357.497	 14.99
2357.997	 14.99
2358.497	 14.99
2358.997	 14.99
2359.497	 14.99
2359.997	 14.99
2360.180	 14.99
2360.680	 18.18
2361.180	 21.85
2361.680	 25.40
2362.180	 28.94
2362.680	 32.27
2363.180	 35.90
2363.680	 39.39
2364.180	 42.82
2364.680	 46.43
2365.180	 49.81
2365.680	 50.09
2366.180	 50.02
2366.680	 50.01
2367.180	 50.02
2367.680	 50.00
2368.180	 50.01
2368.681	 50.01
2369.180	 50.00
2369.680	 50.01
2370.180	 50.01
2370.680	 50.00
2371.180	 49.99
2371.680	 50.00
2372.180	 50.01
2372.680	 50.01
2373.180	 47.87
2373.680	 43.89
2374.180	 40.54
2374.680	 36.96
2375.180	 33.55
2375.680	 30.07
2376.180	 26.42
2376.680	 23.08
2377.180	 19.50
2377.680	 16.11
2378.180	 14.04
2378.680	 14.84
2379.180	 14.99
2379.680	 14.97
2380.180	 14.97
2380.680	 14.99
2381.180	 14.98
2381.680	 14.99
2382.180	 14.99
2382.680	 14.99
2383.180	 15.00
2383.680	 15.00
2384.180	 14.99
2384.680	 14.99
2385.180	 14.99
2385.364	 15.01
2385.864	 18.19
2386.364	 21.86
2386.864	 25.41
2387.364	 28.95
2387.864	 32.29
2388.364	 35.92
2388.864	 39.40
2389.364	 42.83
2389.864	 46.44
2390.364	 49.83
2390.864	 50.08
2391.364	 50.02
2391.864	 50.00
2392.364	 50.02
2392.864	 50.00
2393.364	 50.00
2393.864	 50.00
2394.364	 50.00
2394.864	 50.01
2395.364	 50.00
2395.864	 50.01
2396.364	 50.00
2396.864	 50.00
2397.364	 50.00
2397.864	 50.00
2398.364	 47.87
2398.864	 43.88
2399.364	 40.47
2399.864	 36.96
2400.364	 33.53
2400.864	 30.06
2401.364	 26.42
2401.865	 23.07
2402.364	 19.49
2402.864	 16.10
2403.364	 14.04
2403.864	 14.86
2404.364	 14.99
2404.864	 14.97
2405.364	 14.98
2405.864	 14.97
2406.364	 15.00
2406.864	 14.98
2407.364	 14.99
2407.864	 14.99
2408.364	 14.98
2408.864	 14.99
2409.364	 15.00
2409.864	 15.00
2410.364	 15.00
2410.547	 14.99
2411.048	 18.21
2411.548	 21.86
2412.048	 25.37
2412.548	 28.93
2413.048	 32.26
2413.548	 35.91
2414.048	 39.39
2414.548	 42.81
2415.048	 46.42
2415.548	 49.81
2416.048	 50.09
2416.548	 50.02
2417.048	 50.01
2417.548	 50.01
2418.048	 50.00
2418.548	 50.01
2419.048	 50.00
2419.548	 50.00
2420.048	 50.01
2420.548	 50.01
2421.048	 50.00
2421.548	 50.01
2422.048	 50.01
2422.548	 50.01
2423.048	 50.01
2423.548	 47.85
2424.048	 43.86
2424.548	 40.49
2425.048	 36.96
2425.548	 33.54
2426.048	 30.06
2426.548	 26.44
2427.048	 23.08
2427.548	 19.52
2428.048	 16.12
2428.548	 14.04
2429.048	 14.83
2429.548	 15.00
2430.048	 14.97
2430.548	 14.97
2431.048	 14.99
2431.548	 14.97
2432.048	 15.00
2432.548	 14.99
2433.048	 14.99
2433.548	 15.00
2434.048	 14.99
2434.548	 15.00
2435.048	 15.00
2435.548	 15.00
2435.731	 15.00
2436.231	 18.20
2436.731	 21.86
2437.231	 25.37
2437.731	 28.93
2438.231	 32.25
2438.732	 35.91
2439.231	 39.39
2439.732	 42.82
2440.232	 46.43
2440.731	 49.83
2441.232	 50.08
2441.732	 50.03
2442.231	 50.01
2442.731	 50.01
2443.232	 50.00
2443.731	 50.00
2444.231	 50.01
2444.732	 50.00
2445.231	 50.01
2445.731	 49.99
2446.232	 50.00
2446.732	 50.01
2447.231	 50.01
2447.732	 49.99
2448.232	 50.00
2448.732	 47.86
2449.232	 43.88
2449.732	 40.52
2450.232	 36.96
2450.732	 33.54
2451.232	 30.07
2451.732	 26.45
2452.232	 23.09
2452.732	 19.55
2453.232	 16.12
2453.732	 14.04
2454.232	 14.83
2454.732	 15.01
2455.232	 14.98
2455.732	 14.99
2456.232	 14.97
2456.732	 14.99
2457.232	 14.99
2457.732	 14.99
2458.232	 15.00
2458.732	 15.00
2459.232	 15.00
2459.732	 15.00
2460.232	 15.00
2460.732	 14.99
2460.915	 14.99
2461.415	 18.21
2461.915	 21.87
2462.415	 25.40
2462.915	 28.94
2463.415	 32.29
2463.915	 35.92
2464.415	 39.39
2464.915	 42.83
2465.415	 46.44
2465.915	 49.83
2466.415	 50.08
2466.915	 50.02
2467.415	 50.01
2467.915	 50.01
2468.416	 50.00
2468.915	 50.00
2469.416	 50.01
2469.916	 50.00
2470.415	 50.01
2470.915	 50.00
2471.416	 50.00
2471.916	 50.00
2472.415	 50.00
2472.916	 50.00
2473.416	 50.00
2473.916	 47.86
2474.417	 43.87
2474.916	 40.49
2475.415	 36.96
2475.916	 33.53
2476.416	 30.07
2476.916	 26.42
2477.416	 23.08
2477.916	 19.54
2478.416	 16.13
2478.916	 14.03
2479.416	 14.83
2479.916	 14.99
2480.416	 14.97
2480.916	 14.98
2481.416	 14.98
2481.916	 14.98
2482.416	 14.99
2482.916	 14.99
2483.416	 15.01
2483.916	 15.00
2484.417	 14.99
2484.916	 15.00
2485.416	 14.99
2485.916	 14.99
2486.099	 15.00
2486.599	 18.21
2487.099	 21.89
2487.599	 25.49
2488.099	 28.98
2488.599	 32.30
2489.099	 35.92
2489.599	 39.39
2490.099	 42.82
2490.599	 46.43
2491.099	 49.82
2491.599	 50.09
2492.099	 50.03
2492.599	 50.01
2493.099	 50.02
2493.600	 50.01
2494.099	 50.00
2494.599	 50.00
2495.099	 50.00
2495.599	 50.01
2496.099	 50.00
2496.599	 50.00
2497.099	 50.01
2497.599	 50.00
2498.099	 49.99
2498.599	 50.00
2499.099	 47.87
2499.599	 43.88
2500.100	 40.52
2500.599	 36.96
2501.099	 33.53
2501.599	 30.06
2502.099	 26.42
2502.599	 23.08
2503.099	 19.54
2503.600	 16.12
2504.099	 14.04
2504.599	 14.84
2505.100	 14.99
2505.599	 14.99
2506.099	 14.97
2506.600	 14.99
2507.099	 14.99
2507.599	 14.99
2508.100	 14.98
2508.599	 14.99
2509.099	 15.00
2509.600	 14.99
2510.099	 15.00
2510.599	 15.00
2511.100	 15.00
2511.283	 14.99
2511.783	 18.19
2512.283	 21.87
2512.783	 25.45
2513.283	 28.96
2513.783	 32.27
2514.283	 35.89
2514.783	 39.38
2515.283	 42.81
2515.783	 46.42
2516.283	 49.80
2516.784	 50.08
2517.283	 50.02
2517.783	 50.01
2518.284	 50.01
2518.783	 50.00
2519.283	 50.00
2519.783	 50.00
2520.283	 50.01
2520.783	 50.01
2521.283	 49.99
2521.783	 50.00
2522.283	 50.00
2522.783	 50.00
2523.283	 50.00
2523.783	 50.00
2524.283	 47.87
2524.783	 43.88
2525.283	 40.50
2525.783	 36.96
2526.283	 33.54
2526.783	 30.07
2527.283	 26.44
2527.783	 23.08
2528.283	 19.50
2528.783	 16.12
2529.283	 14.04
2529.783	 14.84
2530.283	 15.00
2530.783	 14.97
2531.283	 14.98
2531.783	 14.97
2532.283	 14.99
2532.783	 14.99
2533.283	 15.00
2533.784	 14.98
2534.283	 15.00
2534.783	 14.99
2535.284	 15.00
2535.783	 14.98
2536.284	 14.99
2536.467	 15.00
2536.967	 18.19
2537.467	 21.88
2537.967	 25.45
2538.467	 28.95
2538.967	 32.28
2539.467	 35.90
2539.967	 39.38
2540.467	 42.80
2540.967	 46.42
2541.467	 49.79
2541.967	 50.09
2542.467	 50.02
2542.967	 50.01
2543.467	 50.02
2543.967	 50.00
2544.467	 50.00
2544.967	 50.01
2545.467	 50.01
2545.967	 50.01
2546.467	 50.00
2546.967	 50.01
2547.467	 50.00
2547.967	 50.00
2548.467	 50.00
2548.967	 50.00
2549.468	 47.88
2549.967	 43.89
2550.467	 40.53
2550.967	 36.96
2551.467	 33.55
2551.967	 30.07
2552.467	 26.41
2552.967	 23.08
2553.467	 19.51
2553.967	 16.12
2554.467	 14.03
2554.967	 14.84
2555.467	 15.00
2555.968	 14.97
2556.467	 14.99
2556.967	 14.97
2557.469	 14.99
2557.967	 14.99
2558.467	 14.99
2558.968	 14.98
2559.467	 15.00
2559.967	 14.99
2560.468	 15.01
2560.967	 14.98
2561.467	 15.00
2561.651	 15.00
2562.151	 18.19
2562.651	 21.86
2563.151	 25.44
2563.651	 28.96
2564.151	 32.30
2564.651	 35.92
2565.151	 39.39
2565.651	 42.81
2566.151	 46.42
2566.651	 49.79
2567.151	 50.09
2567.651	 50.02
2568.151	 50.00
2568.651	 50.01
2569.151	 50.00
2569.651	 50.00
2570.151	 50.00
2570.651	 50.01
2571.151	 50.01
2571.651	 50.01
2572.151	 49.99
2572.651	 49.99
2573.151	 50.01
2573.651	 50.00
2574.151	 50.01
2574.651	 47.87
2575.151	 43.88
2575.651	 40.49
2576.151	 36.96
2576.651	 33.52
2577.151	 30.05
2577.651	 26.39
2578.151	 23.07
2578.652	 19.48
2579.151	 16.09
2579.651	 14.03
2580.151	 14.84
2580.651	 15.01
2581.151	 14.98
2581.651	 14.96
2582.151	 14.98
2582.651	 14.98
2583.151	 14.97
2583.651	 14.99
2584.151	 14.99
2584.651	 14.99
2585.151	 14.97
2585.651	 15.00
2586.151	 14.99
2586.651	 14.99
2586.834	 15.00
2587.335	 18.20
2587.835	 21.88
2588.335	 25.46
2588.835	 28.96
2589.334	 32.30
2589.835	 35.92
2590.335	 39.38
2590.834	 42.81
2591.335	 46.42
2591.835	 49.80
2592.334	 50.08
2592.835	 50.03
2593.335	 50.00
2593.835	 50.01
2594.335	 50.01
2594.835	 50.00
2595.334	 50.00
2595.835	 50.00
2596.335	 50.01
2596.835	 50.01
2597.335	 50.00
2597.835	 50.01
2598.335	 49.99
2598.835	 50.00
2599.335	 49.99
2599.835	 47.87
2600.335	 43.87
2600.835	 40.49
2601.335	 36.96
2601.835	 33.53
2602.335	 30.06
2602.835	 26.42
2603.335	 23.07
2603.835	 19.52
2604.336	 16.11
2604.835	 14.03
2605.335	 14.82
2605.835	 15.00
2606.335	 14.98
2606.835	 14.98
2607.335	 14.98
2607.835	 14.99
2608.335	 14.98
2608.835	 14.99
2609.335	 14.99
2609.835	 15.00
2610.335	 14.97
2610.835	 14.99
2611.335	 14.99
2611.835	 14.99
2612.019	 14.99
2612.519	 18.20
2613.018	 21.86
2613.518	 25.44
2614.019	 28.96
2614.518	 32.29
2615.018	 35.91
2615.519	 39.38
2616.018	 42.80
2616.519	 46.43
2617.019	 49.82
2617.518	 50.09
2618.018	 50.02
2618.519	 50.01
2619.019	 50.01
2619.519	 50.00
2620.019	 50.00
2620.519	 50.00
2621.019	 50.00
2621.519	 50.01
2622.019	 50.00
2622.519	 50.00
2623.019	 49.99
2623.519	 50.00
2624.019	 49.99
2624.519	 50.00
2625.019	 47.88
2625.519	 43.89
2626.019	 40.53
2626.519	 36.97
2627.019	 33.54
2627.519	 30.07
2628.019	 26.44
2628.519	 23.08
2629.019	 19.54
2629.519	 16.13
2630.019	 14.03
2630.519	 14.85
2631.019	 15.00
2631.519	 14.98
2632.019	 14.98
2632.519	 15.00
2633.019	 14.98
2633.519	 15.00
2634.019	 14.99
2634.519	 15.00
2635.019	 15.00
2635.519	 14.99
2636.019	 15.00
2636.519	 14.99
2637.019	 14.99
2637.202	 15.00
2637.703	 18.19
2638.202	 21.85
2638.702	 25.40
2639.202	 28.95
2639.702	 32.29
2640.202	 35.94
2640.702	 39.41
2641.202	 42.84
2641.702	 46.43
2642.202	 49.79
2642.702	 50.08
2643.202	 50.02
2643.702	 50.00
2644.202	 50.01
2644.702	 50.01
2645.202	 50.01
2645.702	 50.01
2646.202	 50.01
2646.702	 50.00
2647.202	 50.00
2647.702	 50.00
2648.202	 50.01
2648.702	 50.01
2649.203	 49.99
2649.702	 50.00
2650.202	 47.86
2650.703	 43.88
2651.202	 40.50
2651.702	 36.96
2652.203	 33.54
2652.702	 30.06
2653.203	 26.41
2653.703	 23.08
2654.202	 19.50
2654.703	 16.11
2655.203	 14.04
2655.702	 14.86
2656.203	 15.00
2656.703	 14.97
2657.202	 14.98
2657.703	 14.98
2658.203	 14.99
2658.702	 14.99
2659.203	 14.99
2659.703	 15.01
2660.203	 14.99
2660.703	 14.99
2661.203	 14.98
2661.703	 14.99
2662.203	 14.99
2662.386	 15.00
2662.886	 18.19
2663.386	 21.87
2663.886	 25.46
2664.386	 28.97
2664.886	 32.30
2665.386	 35.94
2665.886	 39.41
2666.386	 42.83
2666.886	 46.43
2667.386	 49.80
2667.886	 50.08
2668.386	 50.02
2668.886	 50.01
2669.386	 50.02
2669.886	 50.00
2670.386	 50.01
2670.886	 50.00
2671.386	 50.00
2671.886	 50.01
2672.386	 50.00
2672.886	 50.01
2673.386	 50.00
2673.886	 50.01
2674.386	 50.00
2674.886	 50.00
2675.386	 47.86
2675.886	 43.87
2676.386	 40.50
2676.886	 36.96
2677.386	 33.54
2677.886	 30.06
2678.386	 26.41
2678.886	 23.08
2679.386	 19.50
2679.886	 16.11
2680.386	 14.04
2680.886	 14.84
2681.386	 15.00
2681.886	 14.97
2682.386	 14.97
2682.886	 14.98
2683.386	 14.98
2683.886	 14.98
2684.386	 14.98
2684.886	 14.99
2685.387	 14.99
2685.886	 14.99
2686.386	 14.97
2686.886	 14.99
2687.386	 14.99
2687.570	 14.99
2688.070	 18.19
2688.570	 21.85
2689.070	 25.42
2689.570	 28.96
2690.070	 32.29
2690.570	 35.93
2691.070	 39.40
2691.570	 42.83
2692.070	 46.42
2692.570	 49.78
2693.071	 50.09
2693.570	 50.02
2694.070	 50.01
2694.570	 50.01
2695.070	 50.00
2695.570	 50.00
2696.070	 50.00
2696.570	 50.01
2697.070	 50.01
2697.570	 50.00
2698.070	 50.00
2698.570	 50.00
2699.070	 50.00
2699.570	 50.00
2700.071	 50.00
2700.570	 47.88
2701.070	 43.90
2701.570	 40.54
2702.070	 36.96
2702.570	 33.55
2703.070	 30.07
2703.570	 26.44
2704.070	 23.08
2704.570	 19.54
2705.070	 16.10
2705.570	 14.04
2706.070	 14.83
2706.570	 15.00
2707.070	 14.97
2707.570	 14.99
2708.070	 14.99
2708.570	 14.99
2709.070	 14.99
2709.570	 14.99
2710.070	 14.99
2710.570	 14.99
2711.070	 15.00
2711.570	 14.99
2712.070	 14.98
2712.570	 15.00
2712.754	 14.99
2713.254	 18.20
2713.754	 21.86
2714.254	 25.41
2714.754	 28.95
2715.255	 32.29
2715.754	 35.92
2716.254	 39.40
2716.754	 42.83
2717.254	 46.44
2717.754	 49.82
2718.254	 50.09
2718.754	 50.02
2719.254	 50.01
2719.754	 50.01
2720.254	 50.00
2720.754	 50.01
2721.254	 50.00
2721.754	 50.00
2722.254	 50.01
2722.754	 50.00
2723.254	 50.00
2723.754	 50.00
2724.254	 50.01
2724.754	 50.00
2725.254	 49.99
2725.754	 47.89
2726.254	 43.89
2726.754	 40.54
2727.254	 36.97
2727.754	 33.56
2728.254	 30.07
2728.754	 26.44
2729.254	 23.08
2729.754	 19.51
2730.254	 16.12
2730.754	 14.03
2731.254	 14.85
2731.754	 15.00
2732.254	 14.98
2732.754	 14.97
2733.254	 14.98
2733.754	 14.99
2734.254	 15.01
2734.754	 14.99
2735.254	 15.00
2735.754	 14.99
2736.254	 15.00
2736.754	 14.99
2737.254	 14.99
2737.754	 14.99
2737.938	 15.01
2738.438	 18.20
2738.938	 21.87
2739.438	 25.46
2739.938	 28.97
2740.438	 32.30
2740.938	 35.93
2741.438	 39.41
2741.938	 42.85
2742.438	 46.44
2742.938	 49.82
2743.438	 50.09
2743.938	 50.02
2744.438	 50.01
2744.938	 50.01
2745.438	 50.00
2745.938	 50.01
2746.438	 50.01
2746.938	 50.01
2747.438	 50.01
2747.938	 50.00